OnCruiseRoutines/data/updated headers/ctd001.cnv
* Sea-Bird SBE 9 Data File:
* FileName = C:\Sea-Bird Data\2013\DY1309\Leg II\CTD\ctd001.hex
* Software Version Seasave V 7.22.3
* Temperature SN = 2376
* Conductivity SN = 2985
* Number of Bytes Per Scan = 37
* Number of Voltage Words = 4
* Number of Scans Averaged by the Deck Unit = 1
* NMEA Latitude = 59 01.32 N
* NMEA Longitude = 151 54.35 W
* NMEA UTC (Time) = Oct 27 2013  02:49:11
* NMEA baud rate = 4800
** 13kep41a
# nquan = 19
# nvalues = 194                         
# units = specified
# name 0 = prDM: Pressure, Digiquartz [db]
# name 1 = depSM: Depth [salt water, m]
# name 2 = t090C: Temperature [ITS-90, deg C]
# name 3 = c0mS/cm: Conductivity [mS/cm]
# name 4 = t190C: Temperature, 2 [ITS-90, deg C]
# name 5 = c1mS/cm: Conductivity, 2 [mS/cm]
# name 6 = wetStar: Fluorescence, WET Labs WETstar [mg/m^3]
# name 7 = par: PAR/Irradiance, Biospherical/Licor
# name 8 = sbeox0V: Oxygen raw, SBE 43 [V]
# name 9 = sbeox1V: Oxygen raw, SBE 43, 2 [V]
# name 10 = v0: Voltage 0
# name 11 = v6: Voltage 6
# name 12 = sal00: Salinity, Practical [PSU]
# name 13 = sal11: Salinity, Practical, 2 [PSU]
# name 14 = sigma-t00: Density [sigma-t, Kg/m^3 ]
# name 15 = sbeox0Mm/Kg: Oxygen, SBE 43 [umol/Kg], WS = 2
# name 16 = sbeox1Mm/Kg: Oxygen, SBE 43, 2 [umol/Kg], WS = 2
# name 17 = sbeox0PS: Oxygen, SBE 43 [% saturation], WS = 2
# name 18 = flag: flag
# span 0 =      1.000,    194.000       
# span 1 =      0.991,    192.096       
# span 2 =     6.6473,     9.9795       
# span 3 =  31.493615,  34.259398       
# span 4 =     6.6463,     9.9797       
# span 5 =  31.489555,  34.259742       
# span 6 =     0.2099,     2.1416       
# span 7 = 4.0093e-03, 3.1347e+00       
# span 8 =     2.0697,     2.6928       
# span 9 =     1.9634,     2.5466       
# span 10 =     0.0269,     1.5111      
# span 11 =     0.1508,     0.4897      
# span 12 =    28.9458,    32.5681      
# span 13 =    28.9434,    32.5679      
# span 14 =    22.3463,    25.5498      
# span 15 =    213.852,    281.959      
# span 16 =    202.303,    267.746      
# span 17 =   70.92318,   96.72887      
# span 18 = 0.0000e+00, 0.0000e+00      
# interval = decibars: 1                
# start_time = Oct 27 2013 02:49:11 [NMEA time, header]
# bad_flag = -9.990e-29
*END*
[from data line 77]
     78.000     77.256     7.9155  33.494011     7.9146  33.492920     0.3590 5.5707e-03     2.3042     2.1817     0.0327     0.1770    32.1362    32.1359    25.0375    234.124    221.951   79.68477 0.0000e+00
     79.000     78.246     7.8922  33.483219     7.8906  33.482010     0.3419 5.5147e-03     2.2984     2.1755     0.0325     0.1740    32.1457    32.1459    25.0483    234.020    221.735   79.61220 0.0000e+00
     80.000     79.237     7.8755  33.476231     7.8714  33.473526     0.3100 5.4822e-03     2.2872     2.1667     0.0323     0.1684    32.1532    32.1541    25.0566    232.203    220.689   78.96840 0.0000e+00
     81.000     80.227     7.8255  33.451443     7.8207  33.448586     0.3253 5.4027e-03     2.2802     2.1612     0.0320     0.1711    32.1723    32.1737    25.0786    231.364    219.569   78.60401 0.0000e+00
     82.000     81.217     7.7836  33.429798     7.7812  33.427746     0.3167 5.4186e-03     2.2758     2.1563     0.0321     0.1696    32.1874    32.1875    25.0964    231.398    219.155   78.54878 0.0000e+00
     83.000     82.207     7.7754  33.425827     7.7739  33.424496     0.3073 5.3880e-03     2.2706     2.1493     0.0320     0.1679    32.1902    32.1902    25.0998    231.223    218.912   78.47618 0.0000e+00
     84.000     83.198     7.7423  33.408550     7.7338  33.403427     0.2886 5.3923e-03     2.2615     2.1420     0.0320     0.1646    32.2019    32.2043    25.1136    230.156    218.553   78.06171 0.0000e+00
     85.000     84.188     7.7082  33.390427     7.6983  33.384003     0.2878 5.3499e-03     2.2563     2.1379     0.0319     0.1645    32.2136    32.2159    25.1276    230.021    218.142   77.96123 0.0000e+00
     86.000     85.178     7.6809  33.375431     7.6794  33.374088     0.2941 5.3477e-03     2.2544     2.1359     0.0318     0.1656    32.2222    32.2222    25.1383    230.054    217.990   77.92878 0.0000e+00
     87.000     86.168     7.6685  33.369888     7.6699  33.369881     0.2807 5.3306e-03     2.2528     2.1335     0.0318     0.1632    32.2274    32.2261    25.1441    230.053    217.958   77.90899 0.0000e+00
     88.000     87.159     7.6656  33.369114     7.6681  33.370216     0.2819 5.3434e-03     2.2485     2.1300     0.0318     0.1635    32.2287    32.2276    25.1455    229.750    217.791   77.80202 0.0000e+00
     89.000     88.149     7.6591  33.366730     7.6582  33.365887     0.2798 5.3212e-03     2.2484     2.1295     0.0317     0.1631    32.2318    32.2317    25.1488    229.919    218.028   77.84953 0.0000e+00
     90.000     89.139     7.6577  33.367104     7.6575  33.366623     0.2757 5.3659e-03     2.2481     2.1297     0.0319     0.1624    32.2330    32.2327    25.1500    229.822    218.177   77.81458 0.0000e+00
     91.000     90.129     7.6544  33.366554     7.6530  33.365536     0.2754 5.3159e-03     2.2467     2.1295     0.0317     0.1623    32.2350    32.2352    25.1521    229.755    217.982   77.78706 0.0000e+00
     92.000     91.119     7.6478  33.363663     7.6470  33.362946     0.2791 5.3213e-03     2.2464     2.1290     0.0317     0.1630    32.2375    32.2375    25.1549    229.784    218.112   77.78665 0.0000e+00
     93.000     92.110     7.6484  33.365860     7.6474  33.364326     0.2812 5.3083e-03     2.2467     2.1292     0.0317     0.1633    32.2389    32.2381    25.1559    230.072    218.217   77.88610 0.0000e+00
     94.000     93.100     7.6517  33.371887     7.6517  33.371559     0.2798 5.2829e-03     2.2485     2.1301     0.0316     0.1631    32.2419    32.2415    25.1578    230.605    218.538   78.07397 0.0000e+00
     95.000     94.090     7.6530  33.375195     7.6524  33.376766     0.2775 5.2938e-03     2.2506     2.1326     0.0316     0.1627    32.2437    32.2459    25.1590    230.785    219.061   78.13834 0.0000e+00
     96.000     95.080     7.6523  33.381851     7.6531  33.383633     0.2810 5.2621e-03     2.2529     2.1360     0.0315     0.1633    32.2510    32.2522    25.1649    231.262    219.965   78.30277 0.0000e+00
     97.000     96.070     7.6576  33.394295     7.6575  33.393864     0.2853 5.3058e-03     2.2549     2.1388     0.0317     0.1641    32.2590    32.2586    25.1704    232.019    220.237   78.57330 0.0000e+00
     98.000     97.061     7.6603  33.400745     7.6591  33.398411     0.2827 5.2747e-03     2.2580     2.1398     0.0316     0.1636    32.2630    32.2616    25.1731    232.248    220.007   78.65775 0.0000e+00
     99.000     98.051     7.6669  33.416500     7.6664  33.416103     0.2892 5.2262e-03     2.2629     2.1438     0.0314     0.1647    32.2733    32.2733    25.1803    232.793    220.773   78.86040 0.0000e+00
    100.000     99.041     7.6733  33.433792     7.6731  33.433567     0.3001 5.5405e-03     2.2696     2.1499     0.0326     0.1667    32.2854    32.2854    25.1889    233.718    221.757   79.19207 0.0000e+00
    101.000    100.031     7.6801  33.447701     7.6806  33.448677     0.2957 5.4029e-03     2.2732     2.1532     0.0320     0.1659    32.2935    32.2941    25.1944    234.297    222.165   79.40528 0.0000e+00
    102.000    101.021     7.6885  33.462124     7.6864  33.458511     0.3045 5.3789e-03     2.2760     2.1556     0.0320     0.1674    32.3008    32.2988    25.1989    234.397    222.393   79.45874 0.0000e+00
    103.000    102.011     7.6954  33.474045     7.6936  33.470566     0.3199 5.3773e-03     2.2791     2.1590     0.0320     0.1701    32.3066    32.3046    25.2025    234.625    222.596   79.55204 0.0000e+00
    104.000    103.002     7.7011  33.486572     7.7012  33.487633     0.3027 5.4736e-03     2.2836     2.1629     0.0323     0.1671    32.3143    32.3153    25.2077    234.949    223.046   79.67683 0.0000e+00
    105.000    103.992     7.7004  33.489902     7.6998  33.489040     0.3203 5.5118e-03     2.2816     2.1624     0.0325     0.1702    32.3180    32.3177    25.2108    232.604    221.771   78.88221 0.0000e+00
    106.000    104.982     7.6948  33.489536     7.6925  33.488815     0.3156 5.4760e-03     2.2734     2.1580     0.0323     0.1694    32.3224    32.3237    25.2150    230.694    219.875   78.22717 0.0000e+00
    107.000    105.972     7.4512  33.310780     7.4566  33.314754     0.3235 5.3940e-03     2.2593     2.1437     0.0320     0.1708    32.3564    32.3557    25.2756    230.329    218.570   77.68670 0.0000e+00
    108.000    106.962     7.3327  33.225731     7.3354  33.226704     0.3095 5.3646e-03     2.2350     2.1177     0.0319     0.1683    32.3748    32.3734    25.3064    228.639    216.787   76.91651 0.0000e+00
    109.000    107.952     7.3040  33.204041     7.3037  33.203667     0.3145 5.3873e-03     2.2294     2.1130     0.0320     0.1692    32.3777    32.3776    25.3126    227.888    216.196   76.61478 0.0000e+00
    110.000    108.942     7.2750  33.181702     7.2828  33.187626     0.3120 5.1823e-03     2.2233     2.1071     0.0312     0.1687    32.3802    32.3793    25.3185    227.553    215.620   76.45213 0.0000e+00
    111.000    109.933     7.2587  33.169518     7.2583  33.168774     0.3044 5.3533e-03     2.2137     2.0983     0.0319     0.1674    32.3818    32.3814    25.3220    226.803    215.389   76.17236 0.0000e+00
    112.000    110.923     7.2379  33.152634     7.2423  33.155899     0.2886 5.3210e-03     2.2071     2.0937     0.0317     0.1646    32.3825    32.3820    25.3254    226.120    214.786   75.90678 0.0000e+00
    113.000    111.913     7.2244  33.142673     7.2247  33.142452     0.2796 5.3213e-03     2.2035     2.0899     0.0317     0.1631    32.3839    32.3834    25.3283    225.997    214.221   75.84267 0.0000e+00
    114.000    112.903     7.2198  33.139515     7.2206  33.139782     0.2700 5.2949e-03     2.1986     2.0837     0.0316     0.1614    32.3844    32.3838    25.3293    225.817    213.899   75.77428 0.0000e+00
    115.000    113.893     7.2184  33.139267     7.2171  33.137833     0.2558 5.2661e-03     2.1965     2.0802     0.0315     0.1589    32.3849    32.3845    25.3299    225.778    213.424   75.75918 0.0000e+00
    116.000    114.883     7.2190  33.140369     7.2182  33.139214     0.2557 5.2438e-03     2.1958     2.0793     0.0315     0.1589    32.3851    32.3846    25.3300    225.700    213.862   75.73425 0.0000e+00
    117.000    115.873     7.2203  33.141582     7.2192  33.140415     0.2601 5.2984e-03     2.1943     2.0788     0.0317     0.1596    32.3847    32.3845    25.3295    225.531    213.786   75.67959 0.0000e+00
    118.000    116.863     7.1988  33.127159     7.2041  33.130405     0.2536 5.3037e-03     2.1893     2.0762     0.0317     0.1585    32.3887    32.3873    25.3356    224.574    213.138   75.32327 0.0000e+00
    119.000    117.853     7.1868  33.120365     7.1862  33.119694     0.2649 5.3214e-03     2.1867     2.0727     0.0317     0.1605    32.3922    32.3919    25.3399    224.140    212.310   75.15861 0.0000e+00
    120.000    118.843     7.1734  33.113613     7.1730  33.112812     0.2488 5.3090e-03     2.1842     2.0705     0.0317     0.1576    32.3969    32.3965    25.3455    223.922    212.260   75.06499 0.0000e+00
    121.000    119.833     7.1499  33.102444     7.1511  33.102566     0.2470 5.2873e-03     2.1809     2.0674     0.0316     0.1573    32.4064    32.4054    25.3561    223.805    212.198   74.98997 0.0000e+00
    122.000    120.824     7.1362  33.095833     7.1368  33.095669     0.2437 5.2941e-03     2.1753     2.0629     0.0316     0.1567    32.4116    32.4108    25.3620    222.874    211.490   74.65712 0.0000e+00
    123.000    121.814     7.0834  33.065948     7.0831  33.065273     0.2487 5.2371e-03     2.1682     2.0564     0.0314     0.1576    32.4282    32.4278    25.3822    221.764    210.300   74.20368 0.0000e+00
    124.000    122.804     7.0225  33.031307     7.0214  33.030174     0.2361 5.1454e-03     2.1587     2.0459     0.0311     0.1554    32.4473    32.4471    25.4054    221.510    209.494   74.02409 0.0000e+00
    125.000    123.794     7.0169  33.028221     7.0159  33.027222     0.2279 5.2801e-03     2.1562     2.0427     0.0316     0.1540    32.4488    32.4486    25.4073    221.338    209.483   73.95778 0.0000e+00
    126.000    124.784     7.0126  33.026230     7.0120  33.025402     0.2194 5.1935e-03     2.1545     2.0414     0.0313     0.1525    32.4502    32.4498    25.4090    221.406    209.707   73.97381 0.0000e+00
    127.000    125.774     7.0114  33.026058     7.0112  33.025471     0.2137 5.1470e-03     2.1532     2.0398     0.0311     0.1515    32.4507    32.4502    25.4095    221.436    209.559   73.98215 0.0000e+00
    128.000    126.764     7.0089  33.025311     7.0090  33.024857     0.2203 5.0459e-03     2.1510     2.0379     0.0307     0.1527    32.4517    32.4511    25.4106    221.087    209.507   73.86185 0.0000e+00
    129.000    127.754     7.0028  33.022430     7.0032  33.021938     0.2106 5.0444e-03     2.1503     2.0375     0.0307     0.1509    32.4538    32.4529    25.4131    221.230    209.346   73.90012 0.0000e+00
    130.000    128.744     6.9998  33.021442     6.9996  33.020744     0.2211 4.8548e-03     2.1502     2.0367     0.0300     0.1528    32.4551    32.4546    25.4146    221.317    209.376   73.92472 0.0000e+00
    131.000    129.734     6.9976  33.021809     6.9974  33.021049     0.2185 4.9878e-03     2.1483     2.0350     0.0305     0.1523    32.4571    32.4565    25.4164    220.822    209.164   73.75694 0.0000e+00
    132.000    130.724     6.9851  33.017593     6.9848  33.016850     0.2120 4.9242e-03     2.1447     2.0332     0.0303     0.1512    32.4638    32.4633    25.4234    220.346    208.797   73.58006 0.0000e+00
    133.000    131.714     6.9718  33.010494     6.9722  33.010197     0.2154 5.0033e-03     2.1436     2.0312     0.0306     0.1518    32.4681    32.4674    25.4285    220.447    208.592   73.59332 0.0000e+00
    134.000    132.704     6.9632  33.006741     6.9620  33.005718     0.2169 4.9921e-03     2.1427     2.0306     0.0305     0.1520    32.4717    32.4717    25.4325    220.354    208.774   73.54963 0.0000e+00
    135.000    133.694     6.9581  33.005100     6.9572  33.004082     0.2162 4.9779e-03     2.1416     2.0297     0.0305     0.1519    32.4742    32.4739    25.4352    220.269    208.587   73.51362 0.0000e+00
    136.000    134.684     6.9576  33.005772     6.9574  33.004929     0.2162 4.9459e-03     2.1397     2.0285     0.0304     0.1519    32.4750    32.4742    25.4358    220.150    208.776   73.47369 0.0000e+00
    137.000    135.674     6.9583  33.006416     6.9561  33.004917     0.2155 4.8410e-03     2.1391     2.0289     0.0300     0.1518    32.4746    32.4750    25.4354    220.232    208.823   73.50175 0.0000e+00
    138.000    136.664     6.9549  33.005230     6.9550  33.004646     0.2131 4.9594e-03     2.1386     2.0284     0.0304     0.1514    32.4760    32.4752    25.4370    220.076    208.572   73.44494 0.0000e+00
    139.000    137.654     6.9532  33.006168     6.9531  33.005283     0.2146 4.9248e-03     2.1378     2.0265     0.0303     0.1517    32.4781    32.4772    25.4388    220.047    207.924   73.43350 0.0000e+00
    140.000    138.644     6.9539  33.007061     6.9531  33.005882     0.2194 4.8627e-03     2.1370     2.0243     0.0300     0.1525    32.4780    32.4774    25.4387    219.980    208.131   73.41210 0.0000e+00
    141.000    139.634     6.9571  33.009590     6.9557  33.008266     0.2196 4.7951e-03     2.1361     2.0250     0.0298     0.1525    32.4772    32.4772    25.4376    219.857    208.666   73.37626 0.0000e+00
    142.000    140.624     6.9552  33.008999     6.9554  33.008442     0.2140 4.7576e-03     2.1356     2.0254     0.0297     0.1515    32.4779    32.4771    25.4384    219.992    208.403   73.41837 0.0000e+00
    143.000    141.614     6.9541  33.008701     6.9540  33.008045     0.2176 4.7165e-03     2.1357     2.0249     0.0295     0.1522    32.4781    32.4775    25.4388    219.987    208.272   73.41506 0.0000e+00
    144.000    142.604     6.9570  33.010685     6.9549  33.008907     0.2116 4.7003e-03     2.1356     2.0253     0.0294     0.1511    32.4771    32.4771    25.4376    220.032    208.878   73.43446 0.0000e+00
    145.000    143.594     6.9590  33.012257     6.9583  33.011219     0.2159 4.6869e-03     2.1353     2.0256     0.0294     0.1519    32.4765    32.4760    25.4368    219.946    208.524   73.40852 0.0000e+00
    146.000    144.584     6.9590  33.012726     6.9584  33.011806     0.2184 4.6991e-03     2.1352     2.0242     0.0294     0.1523    32.4766    32.4761    25.4369    220.129    208.202   73.46974 0.0000e+00
    147.000    145.574     6.9601  33.013882     6.9596  33.013065     0.2147 4.6640e-03     2.1352     2.0242     0.0293     0.1517    32.4763    32.4758    25.4365    219.923    208.318   73.40285 0.0000e+00
    148.000    146.564     6.9598  33.013954     6.9588  33.012863     0.2137 4.6907e-03     2.1346     2.0234     0.0294     0.1515    32.4762    32.4760    25.4365    219.830    208.276   73.37109 0.0000e+00
    149.000    147.554     6.9541  33.011143     6.9533  33.010094     0.2158 4.6783e-03     2.1331     2.0232     0.0294     0.1519    32.4780    32.4776    25.4387    219.593    208.283   73.28342 0.0000e+00
    150.000    148.543     6.9490  33.008659     6.9486  33.007828     0.2250 4.6865e-03     2.1321     2.0224     0.0294     0.1535    32.4797    32.4791    25.4406    219.557    208.061   73.26352 0.0000e+00
    151.000    149.533     6.9501  33.009556     6.9492  33.008507     0.2159 4.6806e-03     2.1316     2.0215     0.0294     0.1519    32.4791    32.4788    25.4400    219.725    208.237   73.32127 0.0000e+00
    152.000    150.523     6.9493  33.009716     6.9502  33.009647     0.2235 4.6702e-03     2.1320     2.0210     0.0293     0.1532    32.4795    32.4786    25.4405    219.858    207.990   73.36438 0.0000e+00
