OnCruiseRoutines/data/updated headers/ctd001.cnv
* Sea-Bird SBE 9 Data File:
* FileName = C:\Sea-Bird Data\2013\DY1309\Leg II\CTD\ctd001.hex
* Software Version Seasave V 7.22.3
* Temperature SN = 2376
* Conductivity SN = 2985
* Number of Bytes Per Scan = 37
* Number of Voltage Words = 4
* Number of Scans Averaged by the Deck Unit = 1
* NMEA Latitude = 59 01.32 N
* NMEA Longitude = 151 54.35 W
* NMEA UTC (Time) = Oct 27 2013  02:49:11
* NMEA baud rate = 4800
** 13kep41a
# nquan = 19
# nvalues = 194                         
# units = specified
# name 0 = prDM: Pressure, Digiquartz [db]
# name 1 = depSM: Depth [salt water, m]
# name 2 = t090C: Temperature [ITS-90, deg C]
# name 3 = c0mS/cm: Conductivity [mS/cm]
# name 4 = t190C: Temperature, 2 [ITS-90, deg C]
# name 5 = c1mS/cm: Conductivity, 2 [mS/cm]
# name 6 = wetStar: Fluorescence, WET Labs WETstar [mg/m^3]
# name 7 = par: PAR/Irradiance, Biospherical/Licor
# name 8 = sbeox0V: Oxygen raw, SBE 43 [V]
# name 9 = sbeox1V: Oxygen raw, SBE 43, 2 [V]
# name 10 = v0: Voltage 0
# name 11 = v6: Voltage 6
# name 12 = sal00: Salinity, Practical [PSU]
# name 13 = sal11: Salinity, Practical, 2 [PSU]
# name 14 = sigma-t00: Density [sigma-t, Kg/m^3 ]
# name 15 = sbeox0Mm/Kg: Oxygen, SBE 43 [umol/Kg], WS = 2
# name 16 = sbeox1Mm/Kg: Oxygen, SBE 43, 2 [umol/Kg], WS = 2
# name 17 = sbeox0PS: Oxygen, SBE 43 [% saturation], WS = 2
# name 18 = flag: flag
# span 0 =      1.000,    194.000       
# span 1 =      0.991,    192.096       
# span 2 =     6.6473,     9.9795       
# span 3 =  31.493615,  34.259398       
# span 4 =     6.6463,     9.9797       
# span 5 =  31.489555,  34.259742       
# span 6 =     0.2099,     2.1416       
# span 7 = 4.0093e-03, 3.1347e+00       
# span 8 =     2.0697,     2.6928       
# span 9 =     1.9634,     2.5466       
# span 10 =     0.0269,     1.5111      
# span 11 =     0.1508,     0.4897      
# span 12 =    28.9458,    32.5681      
# span 13 =    28.9434,    32.5679      
# span 14 =    22.3463,    25.5498      
# span 15 =    213.852,    281.959      
# span 16 =    202.303,    267.746      
# span 17 =   70.92318,   96.72887      
# span 18 = 0.0000e+00, 0.0000e+00      
# interval = decibars: 1                
# start_time = Oct 27 2013 02:49:11 [NMEA time, header]
# bad_flag = -9.990e-29
*END*
[from data line 153]
    154.000    152.503     6.9549  33.014660     6.9550  33.014004     0.2140 4.6717e-03     2.1319     2.0210     0.0293     0.1516    32.4788    32.4780    25.4392    219.650    208.383   73.30408 0.0000e+00
    155.000    153.493     6.9565  33.015568     6.9568  33.014862     0.2193 4.6696e-03     2.1315     2.0218     0.0293     0.1525    32.4777    32.4767    25.4381    219.793    208.448   73.35420 0.0000e+00
    156.000    154.483     6.9575  33.016232     6.9557  33.014984     0.2178 4.6390e-03     2.1310     2.0222     0.0292     0.1522    32.4771    32.4774    25.4374    219.534    208.407   73.26900 0.0000e+00
    157.000    155.473     6.9513  33.014977     6.9514  33.014389     0.2145 4.6632e-03     2.1300     2.0215     0.0293     0.1516    32.4811    32.4803    25.4414    219.411    207.978   73.21960 0.0000e+00
    158.000    156.463     6.9456  33.012207     6.9430  33.010227     0.2309 4.6418e-03     2.1281     2.0186     0.0292     0.1545    32.4829    32.4833    25.4437    218.992    207.386   73.07084 0.0000e+00
    159.000    157.453     6.9312  33.003372     6.9175  32.993969     0.2220 4.6345e-03     2.1263     2.0160     0.0292     0.1529    32.4865    32.4891    25.4483    218.903    207.167   73.01875 0.0000e+00
    160.000    158.443     6.9030  32.985142     6.8969  32.980476     0.2237 4.6454e-03     2.1223     2.0129     0.0292     0.1532    32.4926    32.4933    25.4569    218.068    206.758   72.69572 0.0000e+00
    161.000    159.432     6.8419  32.947903     6.8372  32.944637     0.2289 4.6638e-03     2.1156     2.0063     0.0293     0.1542    32.5092    32.5100    25.4780    217.531    205.832   72.42239 0.0000e+00
    162.000    160.422     6.8268  32.939686     6.8249  32.938122     0.2288 4.6434e-03     2.1111     2.0021     0.0292     0.1541    32.5140    32.5141    25.4838    217.011    205.711   72.22658 0.0000e+00
    163.000    161.412     6.8003  32.924637     6.8024  32.925308     0.2272 4.5255e-03     2.1071     1.9989     0.0288     0.1539    32.5222    32.5209    25.4937    216.582    205.319   72.04340 0.0000e+00
    164.000    162.402     6.7798  32.913506     6.7780  32.911991     0.2239 4.4643e-03     2.1046     1.9963     0.0286     0.1533    32.5289    32.5289    25.5017    216.548    204.983   72.00131 0.0000e+00
    165.000    163.392     6.7636  32.904594     6.7637  32.904133     0.2190 4.4800e-03     2.1014     1.9934     0.0286     0.1524    32.5340    32.5334    25.5078    216.455    205.153   71.94591 0.0000e+00
    166.000    164.382     6.7499  32.897499     6.7497  32.896729     0.2189 4.5248e-03     2.0977     1.9907     0.0288     0.1524    32.5386    32.5381    25.5133    216.068    204.738   71.79684 0.0000e+00
    167.000    165.372     6.7400  32.892246     6.7383  32.890583     0.2157 4.5849e-03     2.0961     1.9890     0.0290     0.1518    32.5418    32.5416    25.5171    215.811    204.686   71.69659 0.0000e+00
    168.000    166.361     6.7282  32.885612     6.7290  32.885590     0.2180 4.6357e-03     2.0945     1.9879     0.0292     0.1522    32.5452    32.5444    25.5213    215.675    204.582   71.63335 0.0000e+00
    169.000    167.351     6.7166  32.878777     6.7162  32.878014     0.2215 4.5417e-03     2.0923     1.9855     0.0289     0.1529    32.5483    32.5478    25.5253    215.672    204.235   71.61446 0.0000e+00
    170.000    168.341     6.7137  32.877628     6.7133  32.876865     0.2175 4.5082e-03     2.0903     1.9827     0.0287     0.1522    32.5493    32.5488    25.5264    215.664    204.229   71.60753 0.0000e+00
    171.000    169.331     6.7133  32.877968     6.7126  32.876949     0.2218 4.3635e-03     2.0896     1.9814     0.0282     0.1529    32.5496    32.5491    25.5267    215.579    203.993   71.57890 0.0000e+00
    172.000    170.321     6.7107  32.876785     6.7069  32.873848     0.2255 4.3758e-03     2.0887     1.9808     0.0282     0.1536    32.5503    32.5506    25.5276    215.340    204.095   71.49529 0.0000e+00
    173.000    171.311     6.7062  32.874386     6.7051  32.873085     0.2222 4.2373e-03     2.0874     1.9799     0.0277     0.1530    32.5514    32.5511    25.5291    215.178    203.664   71.43472 0.0000e+00
    174.000    172.300     6.7049  32.873905     6.7044  32.873039     0.2180 4.3847e-03     2.0866     1.9782     0.0283     0.1522    32.5517    32.5512    25.5294    215.339    203.755   71.48611 0.0000e+00
    175.000    173.290     6.7031  32.873310     6.7023  32.872204     0.2186 4.3273e-03     2.0854     1.9776     0.0281     0.1524    32.5522    32.5518    25.5301    215.139    203.794   71.41704 0.0000e+00
    176.000    174.280     6.7001  32.871708     6.6991  32.870548     0.2197 4.2596e-03     2.0841     1.9775     0.0278     0.1525    32.5529    32.5525    25.5310    214.945    203.939   71.34782 0.0000e+00
    177.000    175.270     6.6969  32.870071     6.6961  32.869026     0.2168 4.2621e-03     2.0832     1.9768     0.0278     0.1520    32.5537    32.5533    25.5321    214.943    203.424   71.34232 0.0000e+00
    178.000    176.260     6.6875  32.864201     6.6845  32.861778     0.2171 4.3415e-03     2.0822     1.9752     0.0281     0.1521    32.5557    32.5558    25.5349    214.678    203.263   71.23975 0.0000e+00
    179.000    177.249     6.6789  32.859020     6.6805  32.859562     0.2213 4.2665e-03     2.0804     1.9736     0.0278     0.1528    32.5576    32.5567    25.5375    214.665    203.376   71.22206 0.0000e+00
    180.000    178.239     6.6789  32.859543     6.6787  32.858868     0.2140 4.2902e-03     2.0787     1.9735     0.0279     0.1515    32.5577    32.5572    25.5376    214.502    203.657   71.16813 0.0000e+00
    181.000    179.229     6.6788  32.860065     6.6780  32.858982     0.2130 4.2906e-03     2.0778     1.9735     0.0279     0.1514    32.5580    32.5575    25.5378    214.392    203.383   71.13155 0.0000e+00
    182.000    180.219     6.6767  32.859177     6.6760  32.858212     0.2158 4.2543e-03     2.0773     1.9726     0.0278     0.1519    32.5584    32.5580    25.5384    214.507    203.165   71.16669 0.0000e+00
    183.000    181.209     6.6754  32.858723     6.6751  32.858120     0.2124 4.2463e-03     2.0771     1.9716     0.0277     0.1513    32.5587    32.5583    25.5388    214.605    203.339   71.19695 0.0000e+00
    184.000    182.198     6.6757  32.859322     6.6750  32.858456     0.2126 4.1555e-03     2.0770     1.9718     0.0274     0.1513    32.5587    32.5583    25.5388    214.513    203.459   71.16705 0.0000e+00
    185.000    183.188     6.6755  32.859814     6.6742  32.858299     0.2185 4.1699e-03     2.0764     1.9713     0.0275     0.1523    32.5589    32.5585    25.5389    214.500    203.184   71.16241 0.0000e+00
    186.000    184.178     6.6733  32.858982     6.6721  32.857735     0.2109 4.1418e-03     2.0760     1.9700     0.0274     0.1510    32.5595    32.5594    25.5397    214.400    203.086   71.12596 0.0000e+00
    187.000    185.168     6.6663  32.855186     6.6664  32.854778     0.2173 4.1350e-03     2.0754     1.9700     0.0273     0.1521    32.5616    32.5611    25.5422    214.158    203.151   71.03510 0.0000e+00
    188.000    186.157     6.6613  32.852772     6.6617  32.852592     0.2140 4.0569e-03     2.0743     1.9688     0.0270     0.1515    32.5632    32.5626    25.5442    214.202    202.907   71.04237 0.0000e+00
    189.000    187.147     6.6592  32.852104     6.6593  32.851742     0.2099 4.0670e-03     2.0726     1.9662     0.0271     0.1508    32.5640    32.5635    25.5451    213.852    202.303   70.92318 0.0000e+00
    190.000    188.137     6.6556  32.850502     6.6552  32.849838     0.2111 4.0565e-03     2.0714     1.9649     0.0270     0.1510    32.5652    32.5648    25.5465    213.900    202.553   70.93377 0.0000e+00
    191.000    189.127     6.6525  32.849216     6.6523  32.848572     0.2156 4.0280e-03     2.0705     1.9647     0.0269     0.1518    32.5662    32.5657    25.5477    213.927    202.770   70.93799 0.0000e+00
    192.000    190.116     6.6497  32.848137     6.6496  32.847691     0.2144 4.0279e-03     2.0702     1.9644     0.0269     0.1516    32.5673    32.5668    25.5489    213.982    202.430   70.95198 0.0000e+00
    193.000    191.106     6.6473  32.847233     6.6463  32.846226     0.2138 4.0106e-03     2.0700     1.9634     0.0269     0.1515    32.5681    32.5679    25.5498    214.044    202.599   70.96912 0.0000e+00
    194.000    192.096     6.6508  32.849678     6.6508  32.849083     0.2165 4.0093e-03     2.0697     1.9643     0.0269     0.1520    32.5670    32.5662    25.5485    214.090    202.901   70.98947 0.0000e+00
