OnCruiseRoutines/data/updated headers/ctd001.cnv
* Sea-Bird SBE 9 Data File:
* FileName = C:\Sea-Bird Data\2013\DY1309\Leg II\CTD\ctd001.hex
* Software Version Seasave V 7.22.3
* Temperature SN = 2376
* Conductivity SN = 2985
* Number of Bytes Per Scan = 37
* Number of Voltage Words = 4
* Number of Scans Averaged by the Deck Unit = 1
* NMEA Latitude = 59 01.32 N
* NMEA Longitude = 151 54.35 W
* NMEA UTC (Time) = Oct 27 2013  02:49:11
* NMEA baud rate = 4800
** 13kep41a
# nquan = 19
# nvalues = 194                         
# units = specified
# name 0 = prDM: Pressure, Digiquartz [db]
# name 1 = depSM: Depth [salt water, m]
# name 2 = t090C: Temperature [ITS-90, deg C]
# name 3 = c0mS/cm: Conductivity [mS/cm]
# name 4 = t190C: Temperature, 2 [ITS-90, deg C]
# name 5 = c1mS/cm: Conductivity, 2 [mS/cm]
# name 6 = wetStar: Fluorescence, WET Labs WETstar [mg/m^3]
# name 7 = par: PAR/Irradiance, Biospherical/Licor
# name 8 = sbeox0V: Oxygen raw, SBE 43 [V]
# name 9 = sbeox1V: Oxygen raw, SBE 43, 2 [V]
# name 10 = v0: Voltage 0
# name 11 = v6: Voltage 6
# name 12 = sal00: Salinity, Practical [PSU]
# name 13 = sal11: Salinity, Practical, 2 [PSU]
# name 14 = sigma-t00: Density [sigma-t, Kg/m^3 ]
# name 15 = sbeox0Mm/Kg: Oxygen, SBE 43 [umol/Kg], WS = 2
# name 16 = sbeox1Mm/Kg: Oxygen, SBE 43, 2 [umol/Kg], WS = 2
# name 17 = sbeox0PS: Oxygen, SBE 43 [% saturation], WS = 2
# name 18 = flag: flag
# span 0 =      1.000,    194.000       
# span 1 =      0.991,    192.096       
# span 2 =     6.6473,     9.9795       
# span 3 =  31.493615,  34.259398       
# span 4 =     6.6463,     9.9797       
# span 5 =  31.489555,  34.259742       
# span 6 =     0.2099,     2.1416       
# span 7 = 4.0093e-03, 3.1347e+00       
# span 8 =     2.0697,     2.6928       
# span 9 =     1.9634,     2.5466       
# span 10 =     0.0269,     1.5111      
# span 11 =     0.1508,     0.4897      
# span 12 =    28.9458,    32.5681      
# span 13 =    28.9434,    32.5679      
# span 14 =    22.3463,    25.5498      
# span 15 =    213.852,    281.959      
# span 16 =    202.303,    267.746      
# span 17 =   70.92318,   96.72887      
# span 18 = 0.0000e+00, 0.0000e+00      
# interval = decibars: 1                
# start_time = Oct 27 2013 02:49:11 [NMEA time, header]
# bad_flag = -9.990e-29
*END*
      1.000      0.991     9.2390  31.493614     9.2368  31.489555     2.1416 3.1347e+00     2.6863     2.5414     1.5111     0.4897    28.9458    28.9434    22.3463    280.392    266.978   96.10530 0.0000e+00
      2.000      1.981     9.2401  31.495129     9.2382  31.493233     2.0586 1.0607e+00     2.6890     2.5447     1.0080     0.4752    28.9460    28.9457    22.3464    280.971    267.667   96.30596 0.0000e+00
      3.000      2.972     9.2437  31.504368     9.2459  31.507374     2.1023 7.9745e-01     2.6905     2.5447     0.9168     0.4828    28.9521    28.9534    22.3506    280.856    267.274   96.27845 0.0000e+00
      4.000      3.963     9.2466  31.509724     9.2469  31.509838     2.1217 5.2791e-01     2.6893     2.5436     0.7681     0.4862    28.9548    28.9547    22.3522    280.728    267.430   96.24305 0.0000e+00
      5.000      4.953     9.2480  31.512955     9.2482  31.512987     2.0948 3.6939e-01     2.6899     2.5435     0.6438     0.4815    28.9565    28.9564    22.3533    281.214    267.246   96.41390 0.0000e+00
      6.000      5.944     9.2487  31.515293     9.2489  31.515339     2.0515 2.5419e-01     2.6910     2.5432     0.5243     0.4739    28.9579    28.9578    22.3543    281.105    267.440   96.37869 0.0000e+00
      7.000      6.934     9.2551  31.530272     9.2509  31.520460     2.0849 1.7414e-01     2.6900     2.5433     0.4154     0.4798    28.9675    28.9610    22.3609    280.842    267.313   96.30903 0.0000e+00
      8.000      7.925     9.2662  31.557367     9.2727  31.574123     2.0536 1.0806e-01     2.6928     2.5466     0.3051     0.4743    28.9857    28.9974    22.3734    281.959    267.746   96.72887 0.0000e+00
      9.000      8.916     9.3354  31.747334     9.3729  31.857136     1.9755 7.0686e-02     2.6902     2.5380     0.2228     0.4606    29.1218    29.2025    22.4692    277.810    262.236   95.54483 0.0000e+00
     10.000      9.906     9.5831  32.470936     9.6114  32.553715     2.1192 4.8291e-02     2.6685     2.5129     0.1670     0.4858    29.6514    29.7117    22.8446    270.230    255.383   93.80774 0.0000e+00
     11.000     10.897     9.6613  32.701588     9.6625  32.704689     1.9775 3.1792e-02     2.6466     2.4919     0.1197     0.4609    29.8193    29.8214    22.9634    267.189    252.620   93.02496 0.0000e+00
     12.000     11.887     9.6849  32.766922     9.6935  32.789211     1.4273 1.1193e-02     2.6235     2.4717     0.0523     0.3644    29.8653    29.8807    22.9957    265.468    251.752   92.50447 0.0000e+00
     13.000     12.878     9.7353  32.891399     9.7369  32.894379     0.9729 7.1890e-03     2.5969     2.4522     0.0386     0.2847    29.9486    29.9503    23.0527    264.163    250.908   92.20735 0.0000e+00
     14.000     13.869     9.7810  33.002319     9.7855  33.012741     0.9352 7.2799e-03     2.5945     2.4506     0.0389     0.2781    30.0219    30.0287    23.1027    263.339    249.967   92.06102 0.0000e+00
     15.000     14.859     9.8165  33.113022     9.8173  33.115768     0.9541 7.0469e-03     2.5931     2.4488     0.0381     0.2814    30.1034    30.1055    23.1606    263.006    249.613   92.07059 0.0000e+00
     16.000     15.850     9.8698  33.214062     9.8724  33.217682     0.9302 7.0318e-03     2.5924     2.4474     0.0380     0.2772    30.1602    30.1617    23.1965    262.790    249.012   92.14037 0.0000e+00
     17.000     16.840     9.9430  33.335995     9.9483  33.345909     0.8777 7.0463e-03     2.5945     2.4488     0.0381     0.2680    30.2212    30.2268    23.2323    262.863    249.562   92.35522 0.0000e+00
     18.000     17.831     9.9779  33.433228     9.9784  33.434189     0.9300 7.0345e-03     2.5955     2.4516     0.0380     0.2772    30.2892    30.2897    23.2797    262.300    249.273   92.27317 0.0000e+00
     19.000     18.821     9.9770  33.443916     9.9757  33.442360     0.8924 7.0745e-03     2.5949     2.4530     0.0382     0.2706    30.3003    30.2998    23.2886    262.532    249.815   92.36024 0.0000e+00
     20.000     19.812     9.9677  33.447861     9.9676  33.447632     0.8409 6.9856e-03     2.5967     2.4547     0.0379     0.2615    30.3117    30.3115    23.2989    263.052    249.764   92.53160 0.0000e+00
     21.000     20.803     9.9690  33.484787     9.9688  33.487179     0.8640 6.8985e-03     2.5992     2.4559     0.0375     0.2656    30.3473    30.3498    23.3264    263.123    249.987   92.58264 0.0000e+00
     22.000     21.793     9.9690  33.558922     9.9693  33.561832     0.8748 6.8009e-03     2.6005     2.4583     0.0372     0.2675    30.4213    30.4240    23.3842    263.090    250.030   92.61964 0.0000e+00
     23.000     22.784     9.9744  33.642651     9.9749  33.647751     0.8617 6.7254e-03     2.6008     2.4581     0.0369     0.2652    30.5005    30.5052    23.4450    262.683    249.570   92.53957 0.0000e+00
     24.000     23.774     9.9795  33.761971     9.9797  33.764870     0.8758 6.7029e-03     2.5993     2.4569     0.0368     0.2677    30.6157    30.6184    23.5340    262.233    249.115   92.46731 0.0000e+00
     25.000     24.765     9.9199  33.768417     9.9192  33.765976     0.8913 6.7117e-03     2.5994     2.4565     0.0369     0.2704    30.6723    30.6704    23.5877    262.884    249.877   92.61226 0.0000e+00
     26.000     25.755     9.8114  33.687130     9.8103  33.685970     0.9218 6.6875e-03     2.6024     2.4614     0.0368     0.2757    30.6821    30.6819    23.6128    264.051    251.272   92.80782 0.0000e+00
     27.000     26.746     9.7749  33.696522     9.7743  33.697403     0.8774 6.6944e-03     2.6012     2.4612     0.0368     0.2679    30.7224    30.7238    23.6501    262.996    250.330   92.38880 0.0000e+00
     28.000     27.736     9.7400  33.827923     9.7394  33.828758     0.8963 6.6880e-03     2.5920     2.4517     0.0368     0.2712    30.8848    30.8861    23.7823    261.270    248.276   91.81755 0.0000e+00
     29.000     28.727     9.7066  33.894974     9.7027  33.897255     0.8145 6.6529e-03     2.5807     2.4404     0.0366     0.2569    30.9809    30.9866    23.8627    260.170    247.306   91.42630 0.0000e+00
     30.000     29.717     9.6684  33.955971     9.6684  33.958298     0.7968 6.6775e-03     2.5760     2.4348     0.0367     0.2538    31.0753    31.0777    23.9424    259.546    246.161   91.19116 0.0000e+00
     31.000     30.708     9.6770  34.006058     9.6767  34.004978     0.7311 6.6645e-03     2.5687     2.4278     0.0367     0.2423    31.1183    31.1174    23.9746    258.675    245.725   90.93019 0.0000e+00
     32.000     31.698     9.6888  34.050938     9.6900  34.054188     0.6564 6.6464e-03     2.5606     2.4198     0.0366     0.2292    31.1532    31.1554    24.0000    257.710    244.406   90.63722 0.0000e+00
     33.000     32.689     9.7187  34.131126     9.7201  34.133358     0.6421 6.6349e-03     2.5537     2.4121     0.0366     0.2266    31.2082    31.2093    24.0382    256.047    242.828   90.14717 0.0000e+00
     34.000     33.679     9.7289  34.175884     9.7284  34.176311     0.6122 6.5941e-03     2.5427     2.4020     0.0364     0.2214    31.2443    31.2452    24.0647    254.421    241.521   89.61823 0.0000e+00
     35.000     34.670     9.7427  34.220341     9.7457  34.223991     0.5661 6.5501e-03     2.5344     2.3947     0.0363     0.2133    31.2770    31.2781    24.0880    253.656    240.619   89.39664 0.0000e+00
     36.000     35.660     9.7534  34.238491     9.7533  34.237331     0.5423 6.5379e-03     2.5256     2.3853     0.0362     0.2091    31.2857    31.2846    24.0930    252.975    240.027   89.18332 0.0000e+00
     37.000     36.651     9.7390  34.234127     9.7396  34.234867     0.5080 6.5148e-03     2.5209     2.3814     0.0361     0.2031    31.2934    31.2936    24.1014    252.546    239.306   89.00876 0.0000e+00
     38.000     37.641     9.7478  34.253151     9.7463  34.251019     0.4890 6.4792e-03     2.5179     2.3784     0.0360     0.1998    31.3046    31.3037    24.1087    252.077    239.372   88.86788 0.0000e+00
     39.000     38.632     9.7489  34.259125     9.7484  34.258064     0.4958 6.3960e-03     2.5138     2.3762     0.0357     0.2010    31.3093    31.3086    24.1122    251.956    239.233   88.83003 0.0000e+00
     40.000     39.622     9.7466  34.259399     9.7471  34.259743     0.4820 6.4239e-03     2.5106     2.3728     0.0358     0.1986    31.3111    31.3110    24.1140    251.312    238.254   88.59975 0.0000e+00
     41.000     40.613     9.7178  34.239468     9.7149  34.236958     0.4808 6.3981e-03     2.5024     2.3634     0.0357     0.1983    31.3155    31.3155    24.1221    249.801    236.880   88.01377 0.0000e+00
     42.000     41.603     9.6025  34.155369     9.5999  34.153999     0.4662 6.3715e-03     2.4945     2.3577     0.0356     0.1958    31.3300    31.3310    24.1518    249.660    237.163   87.74916 0.0000e+00
     43.000     42.594     9.5901  34.155312     9.5886  34.153843     0.4714 6.3416e-03     2.4896     2.3543     0.0355     0.1967    31.3404    31.3402    24.1619    249.606    237.093   87.71227 0.0000e+00
     44.000     43.584     9.5679  34.144482     9.5679  34.144196     0.4458 6.3701e-03     2.4870     2.3504     0.0356     0.1922    31.3483    31.3480    24.1715    249.731    236.618   87.71829 0.0000e+00
     45.000     44.574     9.5579  34.151558     9.5569  34.150970     0.4435 6.3435e-03     2.4819     2.3449     0.0355     0.1918    31.3638    31.3641    24.1853    248.405    236.126   87.24278 0.0000e+00
     46.000     45.565     9.5182  34.138901     9.5142  34.136547     0.4636 6.3494e-03     2.4766     2.3429     0.0355     0.1953    31.3852    31.3863    24.2083    247.963    235.665   87.02406 0.0000e+00
     47.000     46.555     9.4432  34.131214     9.4412  34.132759     0.4251 6.3110e-03     2.4721     2.3375     0.0354     0.1886    31.4426    31.4460    24.2649    248.078    235.269   86.95522 0.0000e+00
     48.000     47.546     9.4057  34.162418     9.4039  34.162575     0.4201 6.3217e-03     2.4674     2.3330     0.0354     0.1877    31.5071    31.5088    24.3212    248.001    235.346   86.89593 0.0000e+00
     49.000     48.536     9.3778  34.166103     9.3745  34.164730     0.4198 6.2940e-03     2.4638     2.3293     0.0353     0.1877    31.5350    31.5364    24.3474    247.492    234.702   86.68085 0.0000e+00
     50.000     49.526     9.3338  34.156853     9.3322  34.155540     0.3989 6.2783e-03     2.4617     2.3259     0.0353     0.1840    31.5638    31.5639    24.3769    247.566    234.198   86.64012 0.0000e+00
     51.000     50.517     9.2953  34.139336     9.2921  34.138161     0.4148 6.2192e-03     2.4600     2.3239     0.0351     0.1868    31.5794    31.5810    24.3951    247.762    234.900   86.64404 0.0000e+00
     52.000     51.507     9.2784  34.142815     9.2783  34.143600     0.4070 6.0468e-03     2.4589     2.3238     0.0344     0.1854    31.5975    31.5984    24.4118    247.867    235.324   86.65929 0.0000e+00
     53.000     52.498     9.2794  34.155666     9.2791  34.154903     0.4092 6.0174e-03     2.4566     2.3242     0.0343     0.1858    31.6094    31.6088    24.4210    247.099    234.541   86.40009 0.0000e+00
     54.000     53.488     9.2613  34.152142     9.2591  34.150410     0.4223 6.0762e-03     2.4527     2.3199     0.0345     0.1881    31.6214    31.6215    24.4332    246.098    233.415   86.02267 0.0000e+00
     55.000     54.478     9.2059  34.130806     9.2044  34.129673     0.4220 6.0450e-03     2.4460     2.3140     0.0344     0.1880    31.6480    31.6482    24.4626    245.696    233.333   85.79272 0.0000e+00
     56.000     55.469     9.1794  34.120045     9.1794  34.119411     0.3855 5.9969e-03     2.4392     2.3084     0.0342     0.1816    31.6600    31.6594    24.4761    245.696    233.633   85.74915 0.0000e+00
     57.000     56.459     9.1517  34.109402     9.1509  34.108398     0.3713 5.9927e-03     2.4387     2.3091     0.0342     0.1791    31.6732    31.6729    24.4907    246.180    233.878   85.87318 0.0000e+00
     58.000     57.450     9.1300  34.100319     9.1267  34.098255     0.3720 5.9985e-03     2.4368     2.3074     0.0342     0.1793    31.6827    31.6835    24.5015    245.460    233.443   85.58626 0.0000e+00
     59.000     58.440     9.0827  34.079815     9.0793  34.077805     0.3819 5.9825e-03     2.4286     2.3005     0.0342     0.1810    31.7032    31.7041    24.5249    244.128    231.879   85.04433 0.0000e+00
     60.000     59.430     9.0322  34.055748     9.0303  34.054165     0.3940 6.0039e-03     2.4229     2.2945     0.0343     0.1831    31.7229    31.7229    24.5480    244.123    231.874   84.95859 0.0000e+00
     61.000     60.421     8.9603  34.018929     8.9548  34.015396     0.3809 5.9829e-03     2.4228     2.2937     0.0342     0.1808    31.7484    31.7497    24.5790    245.754    233.401   85.40413 0.0000e+00
     62.000     61.411     8.8530  33.957672     8.8484  33.954891     0.3785 5.9828e-03     2.4271     2.2971     0.0342     0.1804    31.7804    31.7816    24.6205    246.722    234.349   85.55418 0.0000e+00
     63.000     62.401     8.7755  33.913433     8.7683  33.909233     0.4104 5.9828e-03     2.4267     2.2968     0.0342     0.1860    31.8035    31.8056    24.6503    245.963    233.992   85.15671 0.0000e+00
     64.000     63.392     8.6968  33.870785     8.6981  33.870632     0.4158 5.9590e-03     2.4231     2.2945     0.0341     0.1870    31.8293    31.8279    24.6823    246.069    234.059   85.05848 0.0000e+00
     65.000     64.382     8.6372  33.837090     8.6340  33.835190     0.4113 5.8988e-03     2.4223     2.2943     0.0339     0.1862    31.8473    31.8481    24.7054    246.970    234.839   85.26659 0.0000e+00
     66.000     65.372     8.5709  33.801495     8.5718  33.801704     0.4238 5.8643e-03     2.4207     2.2930     0.0338     0.1884    31.8693    31.8688    24.7326    246.516    234.352   84.99626 0.0000e+00
     67.000     66.363     8.4699  33.749958     8.4656  33.747150     0.4621 5.8165e-03     2.4095     2.2823     0.0336     0.1951    31.9061    31.9071    24.7764    244.374    232.237   84.08787 0.0000e+00
     68.000     67.353     8.4192  33.726494     8.4170  33.724937     0.4423 5.7442e-03     2.4010     2.2744     0.0333     0.1916    31.9270    31.9273    24.8003    243.438    231.524   83.68227 0.0000e+00
     69.000     68.343     8.3949  33.716034     8.3941  33.715019     0.4334 5.8159e-03     2.3950     2.2689     0.0336     0.1900    31.9375    31.9372    24.8121    243.197    230.974   83.55988 0.0000e+00
     70.000     69.334     8.3673  33.704258     8.3641  33.702393     0.4428 5.7358e-03     2.3887     2.2609     0.0333     0.1917    31.9497    31.9507    24.8258    243.016    230.440   83.45293 0.0000e+00
     71.000     70.324     8.3326  33.689671     8.3274  33.686630     0.4217 5.6817e-03     2.3779     2.2501     0.0331     0.1880    31.9654    31.9670    24.8432    241.856    229.341   82.99858 0.0000e+00
     72.000     71.314     8.2947  33.672577     8.2913  33.670506     0.3965 5.6756e-03     2.3714     2.2432     0.0331     0.1836    31.9814    31.9824    24.8613    240.957    228.652   82.62859 0.0000e+00
     73.000     72.305     8.2635  33.657803     8.2649  33.657993     0.3995 5.6716e-03     2.3645     2.2379     0.0330     0.1841    31.9938    31.9927    24.8755    239.655    227.560   82.13121 0.0000e+00
     74.000     73.295     8.2140  33.633881     8.2057  33.629196     0.3943 5.6522e-03     2.3553     2.2290     0.0330     0.1832    32.0131    32.0158    24.8979    238.261    225.888   81.57349 0.0000e+00
     75.000     74.285     8.0723  33.565140     8.0658  33.561840     0.3993 5.6562e-03     2.3402     2.2151     0.0330     0.1841    32.0694    32.0718    24.9626    236.943    224.868   80.89414 0.0000e+00
     76.000     75.276     7.9952  33.529816     7.9939  33.528629     0.3694 5.6292e-03     2.3224     2.1988     0.0329     0.1788    32.1021    32.1020    24.9993    235.804    223.582   80.38257 0.0000e+00
