OnCruiseRoutines/data/sbe_files/ctd001.ros
* Sea-Bird SBE 9 Data File:
* FileName = C:\Sea-Bird Data\2013\DY1309\CTD\CTD001.hex
* Software Version Seasave V 7.22.3
* Temperature SN = 2376
* Conductivity SN = 2985
* Number of Bytes Per Scan = 37
* Number of Voltage Words = 4
* Number of Scans Averaged by the Deck Unit = 1
* NMEA Latitude = 57 02.66 N
* NMEA Longitude = 152 53.41 W
* NMEA UTC (Time) = Sep 24 2013 23:13:46
* NMEA baud rate = 4800
** STATION 401
# nquan = 16
# nvalues = 1015                                  
# units = specified
# name 0 = nbf: Bottles Fired
# name 1 = bpos: Bottle Position in Carousel
# name 2 = prDM: Pressure, Digiquartz [db]
# name 3 = depSM: Depth [salt water, m]
# name 4 = t090C: Temperature [ITS-90, deg C]
# name 5 = c0mS/cm: Conductivity [mS/cm]
# name 6 = t190C: Temperature, 2 [ITS-90, deg C]
# name 7 = c1mS/cm: Conductivity, 2 [mS/cm]
# name 8 = wetStar: Fluorescence, WET Labs WETstar [mg/m^3]
# name 9 = par: PAR/Irradiance, Biospherical/Licor
# name 10 = sbeox0V: Oxygen raw, SBE 43 [V]
# name 11 = sbeox1V: Oxygen raw, SBE 43, 2 [V]
# name 12 = v0: Voltage 0
# name 13 = v6: Voltage 6
# name 14 = scan: Scan Count
# name 15 = flag:  0.000e+00
# interval = seconds: 0.0416667
# start_time = Sep 24 2013 23:13:46 [NMEA time, header]
# bad_flag = -9.990e-29
*END*
          1          1     75.701     74.991     8.2582  33.757954     8.2618  33.758635     0.8257 6.6481e-03     2.2723     2.1550     0.0366     0.2589       5985  0.000e+00
          1          1     75.746     75.036     8.2592  33.758442     8.2614  33.758102     0.8048 6.6481e-03     2.2723     2.1550     0.0366     0.2552       5986  0.000e+00
          1          1     75.701     74.991     8.2606  33.759479     8.2609  33.757449     0.7978 6.6481e-03     2.2723     2.1563     0.0366     0.2540       5987  0.000e+00
          1          1     75.746     75.036     8.2617  33.760333     8.2602  33.757094     0.8048 6.6481e-03     2.2735     2.1575     0.0366     0.2552       5988  0.000e+00
          1          1     75.701     74.991     8.2629  33.760455     8.2595  33.756975     0.8396 6.6481e-03     2.2723     2.1575     0.0366     0.2613       5989  0.000e+00
          1          1     75.701     74.991     8.2637  33.760943     8.2595  33.757212     0.9022 6.6481e-03     2.2723     2.1575     0.0366     0.2723       5990  0.000e+00
          1          1     75.746     75.036     8.2642  33.761065     8.2592  33.757094     0.9161 6.6481e-03     2.2723     2.1563     0.0366     0.2747       5991  0.000e+00
          1          1     75.701     74.991     8.2647  33.761309     8.2588  33.756501     0.9440 6.6481e-03     2.2723     2.1550     0.0366     0.2796       5992  0.000e+00
          1          1     75.746     75.036     8.2648  33.761126     8.2583  33.756382     0.9440 6.6481e-03     2.2723     2.1563     0.0366     0.2796       5993  0.000e+00
          1          1     75.701     74.991     8.2648  33.760882     8.2580  33.756382     0.8883 6.6481e-03     2.2723     2.1563     0.0366     0.2698       5994  0.000e+00
          1          1     75.701     74.991     8.2647  33.760760     8.2581  33.756145     0.8465 6.6481e-03     2.2723     2.1563     0.0366     0.2625       5995  0.000e+00
          1          1     75.701     74.991     8.2648  33.760760     8.2580  33.756086     0.8535 6.6481e-03     2.2723     2.1563     0.0366     0.2637       5996  0.000e+00
          1          1     75.746     75.036     8.2647  33.761187     8.2578  33.756086     0.8465 6.6481e-03     2.2710     2.1563     0.0366     0.2625       5997  0.000e+00
          1          1     75.701     74.991     8.2652  33.761614     8.2578  33.756086     0.8744 6.6481e-03     2.2723     2.1563     0.0366     0.2674       5998  0.000e+00
          1          1     75.701     74.991     8.2652  33.761431     8.2577  33.756086     0.9092 6.6481e-03     2.2723     2.1563     0.0366     0.2735       5999  0.000e+00
          1          1     75.727     75.017     8.2655  33.761553     8.2578  33.756086     0.9092 6.6481e-03     2.2723     2.1575     0.0366     0.2735       6000  0.000e+00
          1          1     75.746     75.036     8.2655  33.761675     8.2580  33.756264     0.8744 6.6481e-03     2.2723     2.1563     0.0366     0.2674       6001  0.000e+00
          1          1     75.700     74.991     8.2656  33.761675     8.2583  33.756560     0.8535 6.6481e-03     2.2723     2.1563     0.0366     0.2637       6002  0.000e+00
          1          1     75.746     75.036     8.2658  33.762407     8.2588  33.756679     0.8605 6.6481e-03     2.2710     2.1563     0.0366     0.2650       6003  0.000e+00
          1          1     75.700     74.991     8.2663  33.762102     8.2590  33.756916     0.8674 6.6481e-03     2.2710     2.1563     0.0366     0.2662       6004  0.000e+00
          1          1     75.746     75.036     8.2658  33.761980     8.2598  33.757212     0.8883 6.6481e-03     2.2723     2.1563     0.0366     0.2698       6005  0.000e+00
          1          1     75.700     74.991     8.2658  33.761736     8.2600  33.757094     0.8744 6.6481e-03     2.2710     2.1563     0.0366     0.2674       6006  0.000e+00
          1          1     75.700     74.991     8.2655  33.761248     8.2605  33.757449     0.8048 6.6481e-03     2.2710     2.1550     0.0366     0.2552       6007  0.000e+00
          1          1     75.746     75.036     8.2652  33.761309     8.2603  33.757627     0.7421 6.6481e-03     2.2723     2.1550     0.0366     0.2442       6008  0.000e+00
          1          1     75.700     74.991     8.2650  33.761187     8.2603  33.757627     0.7491 6.6481e-03     2.2710     2.1550     0.0366     0.2454       6009  0.000e+00
          1          1     75.700     74.991     8.2650  33.761309     8.2607  33.757390     0.7909 6.6481e-03     2.2710     2.1550     0.0366     0.2527       6010  0.000e+00
          1          1     75.746     75.036     8.2640  33.760455     8.2605  33.757509     0.7769 6.6481e-03     2.2698     2.1563     0.0366     0.2503       6011  0.000e+00
          1          1     75.700     74.991     8.2627  33.759418     8.2608  33.757390     0.7491 6.3150e-03     2.2723     2.1563     0.0354     0.2454       6012  0.000e+00
          1          1     75.700     74.991     8.2617  33.758930     8.2605  33.757271     0.7073 6.6481e-03     2.2710     2.1563     0.0366     0.2381       6013  0.000e+00
          1          1     75.700     74.991     8.2609  33.758930     8.2608  33.757983     0.7143 6.6481e-03     2.2710     2.1563     0.0366     0.2393       6014  0.000e+00
          1          1     75.700     74.991     8.2612  33.759357     8.2608  33.758220     0.7352 6.6481e-03     2.2710     2.1575     0.0366     0.2430       6015  0.000e+00
          1          1     75.746     75.036     8.2621  33.760028     8.2611  33.757983     0.7630 6.6481e-03     2.2710     2.1575     0.0366     0.2479       6016  0.000e+00
          1          1     75.700     74.991     8.2629  33.760150     8.2616  33.758102     0.7213 6.6481e-03     2.2723     2.1575     0.0366     0.2405       6017  0.000e+00
          1          1     75.648     74.939     8.2631  33.759967     8.2616  33.758457     0.7143 6.6481e-03     2.2735     2.1575     0.0366     0.2393       6018  0.000e+00
          1          1     75.746     75.036     8.2626  33.759845     8.2623  33.758576     0.6865 6.6481e-03     2.2710     2.1575     0.0366     0.2344       6019  0.000e+00
          1          1     75.648     74.939     8.2624  33.759662     8.2626  33.758991     0.6934 6.6481e-03     2.2710     2.1563     0.0366     0.2357       6020  0.000e+00
          1          1     75.700     74.991     8.2613  33.759052     8.2629  33.759347     0.6865 6.3150e-03     2.2710     2.1563     0.0354     0.2344       6021  0.000e+00
          1          1     75.681     74.972     8.2596  33.758015     8.2634  33.759643     0.7073 6.6481e-03     2.2723     2.1575     0.0366     0.2381       6022  0.000e+00
          1          1     75.700     74.991     8.2590  33.757893     8.2634  33.759288     0.7700 6.6481e-03     2.2710     2.1575     0.0366     0.2491       6023  0.000e+00
          1          1     75.700     74.991     8.2585  33.757771     8.2639  33.759347     0.8048 6.6481e-03     2.2710     2.1575     0.0366     0.2552       6024  0.000e+00
          1          1     75.700     74.991     8.2585  33.757893     8.2639  33.759465     0.8048 6.6481e-03     2.2710     2.1563     0.0366     0.2552       6025  0.000e+00
          1          1     75.700     74.991     8.2585  33.758015     8.2638  33.759465     0.8048 6.6481e-03     2.2710     2.1563     0.0366     0.2552       6026  0.000e+00
          1          1     75.700     74.991     8.2590  33.758198     8.2636  33.759228     0.8048 6.6481e-03     2.2710     2.1550     0.0366     0.2552       6027  0.000e+00
          1          1     75.648     74.939     8.2590  33.758259     8.2634  33.759584     0.8396 6.6481e-03     2.2710     2.1563     0.0366     0.2613       6028  0.000e+00
          1          1     75.700     74.991     8.2588  33.758076     8.2633  33.759050     0.9301 6.6481e-03     2.2710     2.1563     0.0366     0.2772       6029  0.000e+00
          1          1     75.700     74.991     8.2587  33.757954     8.2634  33.759050     1.0066 6.6481e-03     2.2723     2.1550     0.0366     0.2906       6030  0.000e+00
          1          1     75.648     74.939     8.2593  33.758259     8.2631  33.759169     1.1040 6.6481e-03     2.2710     2.1563     0.0366     0.3077       6031  0.000e+00
          1          1     75.700     74.991     8.2598  33.758930     8.2633  33.759169     1.1040 6.6481e-03     2.2710     2.1563     0.0366     0.3077       6032  0.000e+00
          1          1     75.700     74.991     8.2606  33.759479     8.2629  33.759169     1.0344 6.6481e-03     2.2723     2.1563     0.0366     0.2955       6033  0.000e+00
          1          1     75.648     74.939     8.2616  33.759967     8.2628  33.758932     1.0344 6.6481e-03     2.2723     2.1575     0.0366     0.2955       6034  0.000e+00
          1          1     75.700     74.991     8.2621  33.760150     8.2626  33.759050     0.9788 6.6481e-03     2.2710     2.1563     0.0366     0.2857       6035  0.000e+00
          1          1     75.700     74.991     8.2627  33.760394     8.2621  33.758220     0.8953 6.6481e-03     2.2710     2.1563     0.0366     0.2711       6036  0.000e+00
          1          1     75.700     74.991     8.2631  33.760455     8.2618  33.758102     0.8883 6.6481e-03     2.2723     2.1563     0.0366     0.2698       6037  0.000e+00
          1          1     75.648     74.939     8.2634  33.760699     8.2616  33.758220     0.8744 6.6481e-03     2.2723     2.1563     0.0366     0.2674       6038  0.000e+00
          1          1     75.700     74.991     8.2636  33.760760     8.2614  33.757983     0.8187 6.6481e-03     2.2723     2.1550     0.0366     0.2576       6039  0.000e+00
          1          1     75.648     74.939     8.2632  33.760516     8.2614  33.757923     0.8117 6.6481e-03     2.2710     2.1550     0.0366     0.2564       6040  0.000e+00
          1          1     75.648     74.939     8.2624  33.759723     8.2607  33.757449     0.9092 6.6481e-03     2.2723     2.1550     0.0366     0.2735       6041  0.000e+00
          1          1     75.700     74.991     8.2611  33.758625     8.2603  33.757746     0.9649 6.6481e-03     2.2723     2.1563     0.0366     0.2833       6042  0.000e+00
          1          1     75.700     74.991     8.2600  33.757832     8.2605  33.757449     1.0275 6.6481e-03     2.2710     2.1563     0.0366     0.2943       6043  0.000e+00
          1          1     75.628     74.920     8.2590  33.757466     8.2605  33.757746     1.0066 6.6481e-03     2.2723     2.1563     0.0366     0.2906       6044  0.000e+00
          1          1     75.700     74.991     8.2582  33.757344     8.2607  33.757687     0.9718 6.6481e-03     2.2710     2.1563     0.0366     0.2845       6045  0.000e+00
          1          1     75.648     74.939     8.2575  33.757161     8.2607  33.758042     0.9509 6.6481e-03     2.2723     2.1563     0.0366     0.2808       6046  0.000e+00
          1          1     75.700     74.991     8.2572  33.756795     8.2607  33.757983     0.9997 6.6481e-03     2.2723     2.1563     0.0366     0.2894       6047  0.000e+00
          1          1     75.648     74.939     8.2569  33.756734     8.2609  33.758101     1.0762 6.6481e-03     2.2723     2.1563     0.0366     0.3028       6048  0.000e+00
          1          1     75.700     74.991     8.2564  33.756246     8.2609  33.758220     1.1597 6.6481e-03     2.2710     2.1575     0.0366     0.3175       6049  0.000e+00
          1          1     75.648     74.939     8.2564  33.756612     8.2608  33.757746     1.1597 6.6481e-03     2.2723     2.1563     0.0366     0.3175       6050  0.000e+00
          1          1     75.648     74.939     8.2559  33.756490     8.2609  33.757805     1.1040 6.6481e-03     2.2723     2.1550     0.0366     0.3077       6051  0.000e+00
          1          1     75.700     74.991     8.2559  33.756247     8.2611  33.757924     1.0066 6.6481e-03     2.2723     2.1563     0.0366     0.2906       6052  0.000e+00
          1          1     75.648     74.939     8.2557  33.756368     8.2614  33.758398     0.9997 6.6481e-03     2.2723     2.1550     0.0366     0.2894       6053  0.000e+00
          1          1     75.700     74.991     8.2556  33.756247     8.2614  33.758576     0.9718 6.6481e-03     2.2723     2.1550     0.0366     0.2845       6054  0.000e+00
          1          1     75.648     74.939     8.2556  33.756551     8.2616  33.758279     0.9092 6.6481e-03     2.2723     2.1563     0.0366     0.2735       6055  0.000e+00
          1          1     75.700     74.991     8.2554  33.756308     8.2618  33.758635     0.9092 6.6481e-03     2.2723     2.1563     0.0366     0.2735       6056  0.000e+00
          1          1     75.700     74.991     8.2553  33.755637     8.2619  33.758813     0.9440 6.6481e-03     2.2723     2.1563     0.0366     0.2796       6057  0.000e+00
          1          1     75.648     74.939     8.2551  33.755758     8.2619  33.758872     0.9509 6.6481e-03     2.2723     2.1563     0.0366     0.2808       6058  0.000e+00
          1          1     75.700     74.991     8.2546  33.755576     8.2623  33.759050     0.9579 6.6481e-03     2.2686     2.1563     0.0366     0.2821       6059  0.000e+00
          1          1     75.648     74.939     8.2544  33.755941     8.2621  33.758932     0.9440 6.6481e-03     2.2710     2.1563     0.0366     0.2796       6060  0.000e+00
          1          1     75.700     74.991     8.2548  33.755454     8.2623  33.758872     1.0414 6.6481e-03     2.2723     2.1550     0.0366     0.2967       6061  0.000e+00
          1          1     75.700     74.991     8.2548  33.755637     8.2616  33.758161     1.2293 6.6481e-03     2.2723     2.1550     0.0366     0.3297       6062  0.000e+00
          1          1     75.648     74.939     8.2546  33.755819     8.2614  33.758101     1.2572 6.6481e-03     2.2735     2.1538     0.0366     0.3346       6063  0.000e+00
          1          1     75.700     74.991     8.2548  33.756064     8.2613  33.758220     1.1667 6.6481e-03     2.2723     2.1550     0.0366     0.3187       6064  0.000e+00
          1          1     75.628     74.920     8.2548  33.755697     8.2608  33.757746     1.0414 6.6481e-03     2.2723     2.1563     0.0366     0.2967       6065  0.000e+00
          1          1     75.745     75.036     8.2543  33.755759     8.2603  33.757805     0.9092 6.6481e-03     2.2723     2.1575     0.0366     0.2735       6066  0.000e+00
          1          1     75.700     74.991     8.2544  33.755820     8.2602  33.757687     0.8535 6.6481e-03     2.2723     2.1575     0.0366     0.2637       6067  0.000e+00
          1          1     75.648     74.939     8.2543  33.756064     8.2602  33.757390     0.8535 6.6481e-03     2.2723     2.1575     0.0366     0.2637       6068  0.000e+00
          1          1     75.745     75.036     8.2544  33.755942     8.2598  33.757094     0.8535 6.6481e-03     2.2723     2.1563     0.0366     0.2637       6069  0.000e+00
          1          1     75.648     74.939     8.2541  33.755576     8.2593  33.756500     0.9022 6.6481e-03     2.2723     2.1563     0.0366     0.2723       6070  0.000e+00
          1          1     75.745     75.036     8.2540  33.755759     8.2587  33.756382     0.9440 6.6481e-03     2.2723     2.1550     0.0366     0.2796       6071  0.000e+00
          1          1     75.700     74.990     8.2546  33.755820     8.2582  33.756382     0.9301 6.6481e-03     2.2723     2.1550     0.0366     0.2772       6072  0.000e+00
          1          1     75.700     74.990     8.2544  33.755820     8.2580  33.756145     0.8953 6.6481e-03     2.2723     2.1563     0.0366     0.2711       6073  0.000e+00
          1          1     75.745     75.036     8.2549  33.756064     8.2575  33.755849     0.8674 6.6481e-03     2.2735     2.1563     0.0366     0.2662       6074  0.000e+00
