OnCruiseRoutines/data/sbe_files/ctd001.ros
* Sea-Bird SBE 9 Data File:
* FileName = C:\Sea-Bird Data\2013\DY1309\CTD\CTD001.hex
* Software Version Seasave V 7.22.3
* Temperature SN = 2376
* Conductivity SN = 2985
* Number of Bytes Per Scan = 37
* Number of Voltage Words = 4
* Number of Scans Averaged by the Deck Unit = 1
* NMEA Latitude = 57 02.66 N
* NMEA Longitude = 152 53.41 W
* NMEA UTC (Time) = Sep 24 2013 23:13:46
* NMEA baud rate = 4800
** STATION 401
# nquan = 16
# nvalues = 1015                                  
# units = specified
# name 0 = nbf: Bottles Fired
# name 1 = bpos: Bottle Position in Carousel
# name 2 = prDM: Pressure, Digiquartz [db]
# name 3 = depSM: Depth [salt water, m]
# name 4 = t090C: Temperature [ITS-90, deg C]
# name 5 = c0mS/cm: Conductivity [mS/cm]
# name 6 = t190C: Temperature, 2 [ITS-90, deg C]
# name 7 = c1mS/cm: Conductivity, 2 [mS/cm]
# name 8 = wetStar: Fluorescence, WET Labs WETstar [mg/m^3]
# name 9 = par: PAR/Irradiance, Biospherical/Licor
# name 10 = sbeox0V: Oxygen raw, SBE 43 [V]
# name 11 = sbeox1V: Oxygen raw, SBE 43, 2 [V]
# name 12 = v0: Voltage 0
# name 13 = v6: Voltage 6
# name 14 = scan: Scan Count
# name 15 = flag:  0.000e+00
# interval = seconds: 0.0416667
# start_time = Sep 24 2013 23:13:46 [NMEA time, header]
# bad_flag = -9.990e-29
*END*
[from data line 995]
          7          7      2.189      2.169     9.2738  34.046986     9.2715  34.047167     8.3491 3.0078e+02     2.8268     2.6717     3.4408     1.5788      13199  0.000e+00
          7          7      2.144      2.124     9.2781  34.046924     9.2694  34.047167     8.4396 2.9825e+02     2.8268     2.6717     3.4371     1.5946      13200  0.000e+00
          7          7      2.098      2.079     9.2797  34.047107     9.2697  34.047108     8.5579 2.9742e+02     2.8268     2.6705     3.4359     1.6154      13201  0.000e+00
          7          7      2.144      2.124     9.2795  34.047169     9.2700  34.047108     8.6484 2.9825e+02     2.8268     2.6717     3.4371     1.6313      13202  0.000e+00
          7          7      2.072      2.053     9.2802  34.047229     9.2684  34.047524     8.7319 2.9909e+02     2.8268     2.6705     3.4383     1.6459      13203  0.000e+00
          7          7      2.144      2.124     9.2854  34.046678     9.2724  34.046989     8.7458 2.9909e+02     2.8268     2.6705     3.4383     1.6484      13204  0.000e+00
          7          7      2.098      2.079     9.2890  34.046127     9.2808  34.046095     8.6971 2.9994e+02     2.8268     2.6705     3.4396     1.6398      13205  0.000e+00
          7          7      2.098      2.079     9.2883  34.046678     9.2892  34.045142     8.7388 3.0163e+02     2.8256     2.6717     3.4420     1.6471      13206  0.000e+00
          7          7      2.098      2.079     9.2875  34.047290     9.2938  34.044904     8.6901 3.0248e+02     2.8256     2.6717     3.4432     1.6386      13207  0.000e+00
          7          7      2.098      2.079     9.2880  34.047045     9.2955  34.044903     8.7249 3.0163e+02     2.8256     2.6717     3.4420     1.6447      13208  0.000e+00
          7          7      2.098      2.079     9.2877  34.046923     9.2950  34.044903     8.6136 2.9994e+02     2.8256     2.6729     3.4396     1.6252      13209  0.000e+00
          7          7      2.046      2.027     9.2870  34.047106     9.2944  34.045082     8.3700 2.9909e+02     2.8256     2.6729     3.4383     1.5824      13210  0.000e+00
          7          7      2.072      2.053     9.2867  34.046923     9.2950  34.044963     8.1264 2.9909e+02     2.8256     2.6729     3.4383     1.5397      13211  0.000e+00
          7          7      2.098      2.079     9.2847  34.047107     9.2945  34.045379     7.8062 2.9825e+02     2.8256     2.6717     3.4371     1.4835      13212  0.000e+00
          7          7      2.046      2.027     9.2825  34.047413     9.2885  34.046451     7.9454 2.9742e+02     2.8256     2.6717     3.4359     1.5079      13213  0.000e+00
          7          7      2.046      2.027     9.2808  34.047474     9.2843  34.046808     8.1821 2.9658e+02     2.8243     2.6717     3.4347     1.5495      13214  0.000e+00
          7          7      2.098      2.079     9.2787  34.047719     9.2838  34.046809     8.0707 2.9080e+02     2.8256     2.6729     3.4261     1.5299      13215  0.000e+00
          7          7      2.046      2.027     9.2772  34.048270     9.2859  34.046273     8.1194 2.8674e+02     2.8256     2.6729     3.4200     1.5385      13216  0.000e+00
          7          7      2.046      2.027     9.2743  34.048638     9.2884  34.045915     8.3700 2.8593e+02     2.8256     2.6729     3.4188     1.5824      13217  0.000e+00
          7          7      2.098      2.079     9.2733  34.048271     9.2891  34.046035     8.3839 2.7489e+02     2.8256     2.6717     3.4017     1.5849      13218  0.000e+00
