OnCruiseRoutines/data/sbe_files/ctd001.ros
* Sea-Bird SBE 9 Data File:
* FileName = C:\Sea-Bird Data\2013\DY1309\CTD\CTD001.hex
* Software Version Seasave V 7.22.3
* Temperature SN = 2376
* Conductivity SN = 2985
* Number of Bytes Per Scan = 37
* Number of Voltage Words = 4
* Number of Scans Averaged by the Deck Unit = 1
* NMEA Latitude = 57 02.66 N
* NMEA Longitude = 152 53.41 W
* NMEA UTC (Time) = Sep 24 2013 23:13:46
* NMEA baud rate = 4800
** STATION 401
# nquan = 16
# nvalues = 1015                                  
# units = specified
# name 0 = nbf: Bottles Fired
# name 1 = bpos: Bottle Position in Carousel
# name 2 = prDM: Pressure, Digiquartz [db]
# name 3 = depSM: Depth [salt water, m]
# name 4 = t090C: Temperature [ITS-90, deg C]
# name 5 = c0mS/cm: Conductivity [mS/cm]
# name 6 = t190C: Temperature, 2 [ITS-90, deg C]
# name 7 = c1mS/cm: Conductivity, 2 [mS/cm]
# name 8 = wetStar: Fluorescence, WET Labs WETstar [mg/m^3]
# name 9 = par: PAR/Irradiance, Biospherical/Licor
# name 10 = sbeox0V: Oxygen raw, SBE 43 [V]
# name 11 = sbeox1V: Oxygen raw, SBE 43, 2 [V]
# name 12 = v0: Voltage 0
# name 13 = v6: Voltage 6
# name 14 = scan: Scan Count
# name 15 = flag:  0.000e+00
# interval = seconds: 0.0416667
# start_time = Sep 24 2013 23:13:46 [NMEA time, header]
# bad_flag = -9.990e-29
*END*
[from data line 272]
          2          2     51.143     50.667     8.5688  33.968001     8.5688  33.968719     1.4729 6.3150e-03     2.3969     2.2723     0.0354     0.3724       7710  0.000e+00
          2          2     51.143     50.667     8.5685  33.968734     8.5707  33.969492     1.5634 6.3150e-03     2.3969     2.2723     0.0354     0.3883       7711  0.000e+00
          2          2     51.137     50.661     8.5703  33.970446     8.5721  33.969848     1.5912 6.3150e-03     2.3969     2.2723     0.0354     0.3932       7712  0.000e+00
          2          2     51.098     50.622     8.5724  33.971608     8.5744  33.970859     1.6191 6.3150e-03     2.3969     2.2736     0.0354     0.3980       7713  0.000e+00
          2          2     51.143     50.667     8.5735  33.971608     8.5749  33.970918     1.6608 6.3150e-03     2.3957     2.2723     0.0354     0.4054       7714  0.000e+00
          2          2     51.182     50.706     8.5736  33.971302     8.5753  33.970859     1.6678 6.3150e-03     2.3969     2.2723     0.0354     0.4066       7715  0.000e+00
          2          2     51.098     50.622     8.5738  33.971241     8.5748  33.970918     1.5703 6.3150e-03     2.3969     2.2723     0.0354     0.3895       7716  0.000e+00
          2          2     51.143     50.667     8.5736  33.970996     8.5749  33.970621     1.4799 6.3150e-03     2.3969     2.2723     0.0354     0.3736       7717  0.000e+00
          2          2     51.182     50.706     8.5734  33.970446     8.5749  33.970562     1.4938 6.6481e-03     2.3969     2.2736     0.0366     0.3761       7718  0.000e+00
          2          2     51.143     50.667     8.5727  33.970079     8.5744  33.970324     1.4868 6.3150e-03     2.3969     2.2736     0.0354     0.3748       7719  0.000e+00
          2          2     51.143     50.667     8.5719  33.969284     8.5736  33.969551     1.4381 6.3150e-03     2.3969     2.2711     0.0354     0.3663       7720  0.000e+00
          2          2     51.137     50.661     8.5714  33.969284     8.5737  33.969551     1.5216 6.3150e-03     2.3957     2.2711     0.0354     0.3810       7721  0.000e+00
          2          2     51.143     50.667     8.5716  33.969835     8.5743  33.969848     1.5495 6.3150e-03     2.3957     2.2711     0.0354     0.3858       7722  0.000e+00
          2          2     51.143     50.667     8.5719  33.969529     8.5743  33.969254     1.5495 6.3150e-03     2.3969     2.2711     0.0354     0.3858       7723  0.000e+00
          2          2     51.182     50.706     8.5720  33.968918     8.5737  33.968540     1.4729 6.3150e-03     2.3969     2.2711     0.0354     0.3724       7724  0.000e+00
          2          2     51.143     50.667     8.5708  33.967878     8.5728  33.968422     1.4312 6.3150e-03     2.3969     2.2711     0.0354     0.3651       7725  0.000e+00
          2          2     51.098     50.622     8.5686  33.968001     8.5718  33.968124     1.4312 6.3150e-03     2.3981     2.2711     0.0354     0.3651       7726  0.000e+00
          2          2     51.137     50.660     8.5693  33.968857     8.5715  33.968778     1.4103 6.3150e-03     2.3957     2.2723     0.0354     0.3614       7727  0.000e+00
          3          3     41.099     40.717     9.0718  34.284861     9.0711  34.281882     1.5773 5.1937e-02     2.5496     2.3591     0.1770     0.3907       8521  0.000e+00
          3          3     41.099     40.717     9.0712  34.283880     9.0709  34.281047     1.5703 5.1937e-02     2.5508     2.3603     0.1770     0.3895       8522  0.000e+00
          3          3     41.099     40.717     9.0709  34.283082     9.0704  34.280331     1.6539 5.1937e-02     2.5508     2.3615     0.1770     0.4042       8523  0.000e+00
          3          3     41.099     40.717     9.0705  34.282959     9.0701  34.279735     1.7583 5.1937e-02     2.5520     2.3639     0.1770     0.4225       8524  0.000e+00
          3          3     41.151     40.769     9.0704  34.282959     9.0698  34.279795     1.8696 5.1937e-02     2.5532     2.3639     0.1770     0.4420       8525  0.000e+00
          3          3     41.099     40.717     9.0703  34.282959     9.0699  34.279437     1.8905 5.2861e-02     2.5520     2.3639     0.1795     0.4457       8526  0.000e+00
          3          3     41.099     40.717     9.0702  34.282714     9.0696  34.279496     1.8627 5.3791e-02     2.5532     2.3639     0.1819     0.4408       8527  0.000e+00
          3          3     41.099     40.717     9.0701  34.282284     9.0698  34.279377     1.8835 5.3791e-02     2.5545     2.3652     0.1819     0.4444       8528  0.000e+00
          3          3     41.099     40.717     9.0699  34.282284     9.0693  34.279496     2.1758 5.1476e-02     2.5545     2.3676     0.1758     0.4957       8529  0.000e+00
          3          3     41.151     40.769     9.0700  34.282346     9.0696  34.279795     2.2246 4.9648e-02     2.5557     2.3688     0.1709     0.5043       8530  0.000e+00
          3          3     41.099     40.717     9.0697  34.282346     9.0696  34.279437     2.0923 4.9648e-02     2.5557     2.3701     0.1709     0.4811       8531  0.000e+00
          3          3     41.099     40.717     9.0699  34.282346     9.0698  34.279735     2.0506 4.8291e-02     2.5557     2.3713     0.1673     0.4737       8532  0.000e+00
          3          3     41.151     40.769     9.0698  34.282100     9.0696  34.279675     1.9392 4.6498e-02     2.5569     2.3713     0.1624     0.4542       8533  0.000e+00
          3          3     41.099     40.717     9.0696  34.282468     9.0699  34.280033     1.8487 4.6498e-02     2.5569     2.3725     0.1624     0.4383       8534  0.000e+00
          3          3     41.099     40.717     9.0696  34.282161     9.0696  34.280212     1.7931 4.6498e-02     2.5569     2.3737     0.1624     0.4286       8535  0.000e+00
          3          3     41.099     40.717     9.0696  34.282039     9.0698  34.280212     1.7513 4.6053e-02     2.5581     2.3749     0.1612     0.4212       8536  0.000e+00
          3          3     41.099     40.717     9.0696  34.281793     9.0696  34.279735     1.8070 4.6498e-02     2.5593     2.3749     0.1624     0.4310       8537  0.000e+00
          3          3     41.099     40.717     9.0694  34.281732     9.0694  34.279079     1.9462 4.7841e-02     2.5593     2.3762     0.1661     0.4554       8538  0.000e+00
          3          3     41.099     40.717     9.0694  34.281486     9.0691  34.278482     2.0018 5.1476e-02     2.5606     2.3774     0.1758     0.4652       8539  0.000e+00
          3          3     41.151     40.769     9.0691  34.281118     9.0686  34.277409     2.0088 5.2398e-02     2.5606     2.3786     0.1783     0.4664       8540  0.000e+00
          3          3     41.053     40.672     9.0693  34.281609     9.0685  34.277110     2.1062 5.1937e-02     2.5606     2.3786     0.1770     0.4835       8541  0.000e+00
          3          3     41.099     40.717     9.0689  34.281486     9.0683  34.277587     2.3220 5.0103e-02     2.5618     2.3810     0.1722     0.5214       8542  0.000e+00
          3          3     41.053     40.672     9.0691  34.281425     9.0683  34.277766     2.4125 4.9648e-02     2.5630     2.3835     0.1709     0.5372       8543  0.000e+00
          3          3     41.099     40.717     9.0691  34.281118     9.0686  34.278184     2.4681 4.9648e-02     2.5630     2.3847     0.1709     0.5470       8544  0.000e+00
          3          3     41.047     40.666     9.0691  34.280811     9.0689  34.278840     2.4473 5.3325e-02     2.5630     2.3859     0.1807     0.5433       8545  0.000e+00
          3          3     41.053     40.672     9.0687  34.280259     9.0691  34.279019     2.5377 5.5195e-02     2.5630     2.3859     0.1856     0.5592       8546  0.000e+00
          3          3     41.099     40.717     9.0683  34.280321     9.0692  34.279437     2.7326 5.5195e-02     2.5630     2.3872     0.1856     0.5934       8547  0.000e+00
          3          3     41.053     40.672     9.0683  34.279707     9.0691  34.279138     2.7605 5.0103e-02     2.5630     2.3884     0.1722     0.5983       8548  0.000e+00
          3          3     41.001     40.620     9.0681  34.279523     9.0693  34.279019     2.6769 4.6944e-02     2.5654     2.3884     0.1636     0.5836       8549  0.000e+00
          3          3     41.099     40.717     9.0681  34.279277     9.0691  34.279437     2.5795 4.6498e-02     2.5654     2.3896     0.1624     0.5665       8550  0.000e+00
          3          3     41.001     40.620     9.0681  34.279400     9.0689  34.279138     2.4751 5.2861e-02     2.5654     2.3908     0.1795     0.5482       8551  0.000e+00
          3          3     41.001     40.620     9.0678  34.279523     9.0692  34.279198     2.3916 5.8518e-02     2.5667     2.3933     0.1941     0.5336       8552  0.000e+00
          3          3     41.053     40.672     9.0678  34.279277     9.0691  34.279317     2.3220 5.9479e-02     2.5654     2.3933     0.1966     0.5214       8553  0.000e+00
          3          3     41.001     40.620     9.0671  34.279032     9.0693  34.279317     2.3081 5.8998e-02     2.5654     2.3945     0.1954     0.5189       8554  0.000e+00
          3          3     41.001     40.620     9.0666  34.279155     9.0689  34.279496     2.3220 5.8998e-02     2.5667     2.3957     0.1954     0.5214       8555  0.000e+00
          3          3     41.001     40.620     9.0665  34.278970     9.0691  34.279377     2.3568 5.8998e-02     2.5667     2.3957     0.1954     0.5275       8556  0.000e+00
          3          3     41.001     40.620     9.0665  34.279339     9.0691  34.278601     2.5169 5.8039e-02     2.5667     2.3969     0.1929     0.5556       8557  0.000e+00
          3          3     41.001     40.620     9.0671  34.279523     9.0687  34.277885     2.6213 5.7086e-02     2.5679     2.3969     0.1905     0.5739       8558  0.000e+00
          3          3     40.955     40.575     9.0673  34.279707     9.0681  34.277766     2.7605 5.6138e-02     2.5679     2.3994     0.1880     0.5983       8559  0.000e+00
          3          3     41.001     40.620     9.0673  34.279829     9.0683  34.277468     2.8997 5.6611e-02     2.5679     2.3994     0.1893     0.6227       8560  0.000e+00
          3          3     40.955     40.575     9.0673  34.279829     9.0680  34.276931     2.8022 5.6611e-02     2.5679     2.4006     0.1893     0.6056       8561  0.000e+00
          3          3     40.955     40.575     9.0668  34.279584     9.0674  34.276573     2.6839 5.6611e-02     2.5691     2.4006     0.1893     0.5849       8562  0.000e+00
          3          3     40.910     40.530     9.0673  34.279522     9.0673  34.275976     2.6491 5.5666e-02     2.5691     2.4030     0.1868     0.5788       8563  0.000e+00
          3          3     40.955     40.575     9.0671  34.279277     9.0671  34.276096     2.7465 5.1476e-02     2.5691     2.4043     0.1758     0.5958       8564  0.000e+00
          3          3     40.955     40.575     9.0671  34.277313     9.0663  34.275678     2.8370 4.9194e-02     2.5691     2.4043     0.1697     0.6117       8565  0.000e+00
          3          3     40.910     40.530     9.0674  34.277497     9.0658  34.275022     2.9205 4.8742e-02     2.5691     2.4055     0.1685     0.6264       8566  0.000e+00
          3          3     40.910     40.530     9.0675  34.278847     9.0663  34.274902     3.1224 4.8291e-02     2.5691     2.4055     0.1673     0.6618       8567  0.000e+00
          3          3     40.858     40.478     9.0671  34.278724     9.0661  34.274723     3.1084 4.7841e-02     2.5703     2.4067     0.1661     0.6593       8568  0.000e+00
          3          3     40.955     40.575     9.0673  34.278602     9.0658  34.275082     3.0528 4.7841e-02     2.5716     2.4079     0.1661     0.6496       8569  0.000e+00
          3          3     40.858     40.478     9.0670  34.278602     9.0661  34.275439     3.1363 5.3791e-02     2.5703     2.4079     0.1819     0.6642       8570  0.000e+00
          3          3     40.858     40.478     9.0667  34.278356     9.0658  34.275320     3.1224 5.7562e-02     2.5703     2.4091     0.1917     0.6618       8571  0.000e+00
          3          3     40.910     40.530     9.0662  34.278479     9.0656  34.274545     2.9553 5.8039e-02     2.5716     2.4104     0.1929     0.6325       8572  0.000e+00
          3          3     40.812     40.433     9.0658  34.278356     9.0649  34.274306     2.8092 5.8998e-02     2.5728     2.4116     0.1954     0.6068       8573  0.000e+00
          3          3     40.858     40.478     9.0658  34.278479     9.0647  34.274067     2.8718 5.8518e-02     2.5728     2.4116     0.1941     0.6178       8574  0.000e+00
          3          3     40.858     40.478     9.0655  34.278602     9.0651  34.274664     3.1780 5.8518e-02     2.5728     2.4128     0.1941     0.6716       8575  0.000e+00
          3          3     40.812     40.433     9.0655  34.278111     9.0651  34.274425     3.3590 5.8039e-02     2.5740     2.4140     0.1929     0.7033       8576  0.000e+00
          3          3     40.812     40.433     9.0652  34.278172     9.0650  34.273829     3.3451 5.7086e-02     2.5728     2.4140     0.1905     0.7009       8577  0.000e+00
          3          3     40.858     40.478     9.0650  34.278111     9.0651  34.274127     3.2198 5.6611e-02     2.5728     2.4152     0.1893     0.6789       8578  0.000e+00
          3          3     40.812     40.433     9.0650  34.277988     9.0648  34.274067     3.1084 5.6138e-02     2.5740     2.4165     0.1880     0.6593       8579  0.000e+00
          3          3     40.760     40.382     9.0648  34.277743     9.0643  34.274007     3.2755 5.5195e-02     2.5740     2.4177     0.1856     0.6886       8580  0.000e+00
          3          3     40.812     40.433     9.0650  34.277681     9.0647  34.274008     3.3381 5.5195e-02     2.5740     2.4189     0.1856     0.6996       8581  0.000e+00
          3          3     40.766     40.388     9.0655  34.277436     9.0651  34.274007     3.1989 5.4725e-02     2.5740     2.4189     0.1844     0.6752       8582  0.000e+00
          3          3     40.766     40.388     9.0656  34.277558     9.0649  34.273769     3.0876 5.3325e-02     2.5752     2.4201     0.1807     0.6557       8583  0.000e+00
          3          3     40.766     40.388     9.0655  34.277436     9.0647  34.274127     3.0249 5.2861e-02     2.5752     2.4201     0.1795     0.6447       8584  0.000e+00
          3          3     40.714     40.336     9.0660  34.277558     9.0643  34.273828     3.0249 5.3791e-02     2.5752     2.4214     0.1819     0.6447       8585  0.000e+00
          3          3     40.766     40.388     9.0660  34.277190     9.0643  34.273888     3.0528 5.8998e-02     2.5764     2.4214     0.1954     0.6496       8586  0.000e+00
          3          3     40.714     40.336     9.0665  34.277497     9.0650  34.274425     3.1502 6.1419e-02     2.5764     2.4226     0.2015     0.6667       8587  0.000e+00
          3          3     40.714     40.336     9.0670  34.277681     9.0658  34.274604     3.0876 6.0446e-02     2.5764     2.4226     0.1990     0.6557       8588  0.000e+00
          3          3     40.714     40.336     9.0670  34.277681     9.0661  34.274365     3.0667 5.2398e-02     2.5764     2.4226     0.1783     0.6520       8589  0.000e+00
          3          3     40.669     40.291     9.0670  34.277742     9.0660  34.274067     3.0319 4.8742e-02     2.5777     2.4226     0.1685     0.6459       8590  0.000e+00
          3          3     40.714     40.336     9.0666  34.277681     9.0656  34.274007     2.9832 4.8291e-02     2.5777     2.4238     0.1673     0.6374       8591  0.000e+00
