OnCruiseRoutines/data/sbe_files/ctd001.ros
* Sea-Bird SBE 9 Data File:
* FileName = C:\Sea-Bird Data\2013\DY1309\CTD\CTD001.hex
* Software Version Seasave V 7.22.3
* Temperature SN = 2376
* Conductivity SN = 2985
* Number of Bytes Per Scan = 37
* Number of Voltage Words = 4
* Number of Scans Averaged by the Deck Unit = 1
* NMEA Latitude = 57 02.66 N
* NMEA Longitude = 152 53.41 W
* NMEA UTC (Time) = Sep 24 2013 23:13:46
* NMEA baud rate = 4800
** STATION 401
# nquan = 16
# nvalues = 1015                                  
# units = specified
# name 0 = nbf: Bottles Fired
# name 1 = bpos: Bottle Position in Carousel
# name 2 = prDM: Pressure, Digiquartz [db]
# name 3 = depSM: Depth [salt water, m]
# name 4 = t090C: Temperature [ITS-90, deg C]
# name 5 = c0mS/cm: Conductivity [mS/cm]
# name 6 = t190C: Temperature, 2 [ITS-90, deg C]
# name 7 = c1mS/cm: Conductivity, 2 [mS/cm]
# name 8 = wetStar: Fluorescence, WET Labs WETstar [mg/m^3]
# name 9 = par: PAR/Irradiance, Biospherical/Licor
# name 10 = sbeox0V: Oxygen raw, SBE 43 [V]
# name 11 = sbeox1V: Oxygen raw, SBE 43, 2 [V]
# name 12 = v0: Voltage 0
# name 13 = v6: Voltage 6
# name 14 = scan: Scan Count
# name 15 = flag:  0.000e+00
# interval = seconds: 0.0416667
# start_time = Sep 24 2013 23:13:46 [NMEA time, header]
# bad_flag = -9.990e-29
*END*
[from data line 91]
          1          1     75.745     75.036     8.2554  33.756247     8.2566  33.755611     0.8396 6.6481e-03     2.2723     2.1575     0.0366     0.2613       6076  0.000e+00
          1          1     75.700     74.990     8.2556  33.756247     8.2558  33.755493     0.7769 6.6481e-03     2.2723     2.1563     0.0366     0.2503       6077  0.000e+00
          1          1     75.745     75.036     8.2557  33.756369     8.2556  33.755196     0.7421 6.6481e-03     2.2723     2.1550     0.0366     0.2442       6078  0.000e+00
          1          1     75.745     75.036     8.2561  33.756430     8.2557  33.755315     0.7213 6.6481e-03     2.2723     2.1550     0.0366     0.2405       6079  0.000e+00
          1          1     75.745     75.035     8.2564  33.756430     8.2552  33.754959     0.7352 6.6481e-03     2.2723     2.1550     0.0366     0.2430       6080  0.000e+00
          1          1     75.745     75.035     8.2561  33.756430     8.2556  33.755315     0.7909 6.6481e-03     2.2723     2.1550     0.0366     0.2527       6081  0.000e+00
          1          1     75.791     75.081     8.2559  33.756430     8.2561  33.755671     0.8048 6.6481e-03     2.2723     2.1550     0.0366     0.2552       6082  0.000e+00
          1          1     75.745     75.035     8.2561  33.756430     8.2562  33.755256     0.8048 6.6481e-03     2.2723     2.1538     0.0366     0.2552       6083  0.000e+00
          1          1     75.791     75.081     8.2559  33.756674     8.2564  33.755374     0.7978 6.6481e-03     2.2723     2.1550     0.0366     0.2540       6084  0.000e+00
          1          1     75.745     75.035     8.2559  33.756247     8.2557  33.755493     0.7839 6.6481e-03     2.2723     2.1550     0.0366     0.2515       6085  0.000e+00
          1          1     75.791     75.081     8.2561  33.756369     8.2558  33.755671     0.8813 6.6481e-03     2.2723     2.1550     0.0366     0.2686       6086  0.000e+00
          1          1     75.843     75.132     8.2556  33.756186     8.2559  33.755493     0.9927 6.6481e-03     2.2723     2.1538     0.0366     0.2882       6087  0.000e+00
          1          1     75.771     75.061     8.2556  33.756369     8.2557  33.755434     0.9370 6.6481e-03     2.2723     2.1550     0.0366     0.2784       6088  0.000e+00
          1          1     75.843     75.132     8.2554  33.756186     8.2557  33.755197     0.9161 6.9821e-03     2.2723     2.1550     0.0379     0.2747       6089  0.000e+00
          1          1     75.791     75.080     8.2553  33.756125     8.2556  33.754900     0.9370 6.6481e-03     2.2723     2.1563     0.0366     0.2784       6090  0.000e+00
          1          1     75.843     75.132     8.2553  33.756369     8.2552  33.755256     0.9370 6.6481e-03     2.2723     2.1550     0.0366     0.2784       6091  0.000e+00
          1          1     75.843     75.132     8.2552  33.756247     8.2554  33.755671     0.9301 6.6481e-03     2.2723     2.1550     0.0366     0.2772       6092  0.000e+00
          1          1     75.843     75.132     8.2551  33.756125     8.2557  33.755256     0.8674 6.6481e-03     2.2723     2.1550     0.0366     0.2662       6093  0.000e+00
          1          1     75.843     75.132     8.2553  33.756125     8.2554  33.755137     0.8605 6.6481e-03     2.2686     2.1550     0.0366     0.2650       6094  0.000e+00
          1          1     75.888     75.177     8.2554  33.756369     8.2554  33.755138     0.8257 6.6481e-03     2.2723     2.1538     0.0366     0.2589       6095  0.000e+00
          1          1     75.843     75.132     8.2553  33.756247     8.2552  33.755137     0.7978 6.6481e-03     2.2723     2.1538     0.0366     0.2540       6096  0.000e+00
          1          1     75.888     75.177     8.2553  33.756369     8.2552  33.755138     0.7630 6.6481e-03     2.2735     2.1538     0.0366     0.2479       6097  0.000e+00
          1          1     75.888     75.177     8.2554  33.756247     8.2552  33.755138     0.8048 6.6481e-03     2.2723     2.1550     0.0366     0.2552       6098  0.000e+00
          1          1     75.888     75.177     8.2553  33.756369     8.2559  33.755138     0.9649 6.6481e-03     2.2723     2.1563     0.0366     0.2833       6099  0.000e+00
          1          1     75.888     75.177     8.2554  33.756430     8.2569  33.755849     0.9788 6.6481e-03     2.2723     2.1563     0.0366     0.2857       6100  0.000e+00
          1          1     75.888     75.177     8.2553  33.756430     8.2567  33.755612     1.0066 6.6481e-03     2.2723     2.1563     0.0366     0.2906       6101  0.000e+00
          1          1     75.934     75.222     8.2553  33.756186     8.2561  33.755197     1.0136 6.6481e-03     2.2723     2.1563     0.0366     0.2918       6102  0.000e+00
          1          1     75.888     75.177     8.2553  33.756125     8.2554  33.755315     1.0553 6.9821e-03     2.2723     2.1563     0.0379     0.2991       6103  0.000e+00
          1          1     76.129     75.416     8.2553  33.756370     8.2552  33.754723     1.0832 6.6481e-03     2.2723     2.1550     0.0366     0.3040       6104  0.000e+00
          1          1     75.699     74.990     8.2554  33.756247     8.2551  33.754959     1.2084 6.6481e-03     2.2723     2.1550     0.0366     0.3260       6105  0.000e+00
          1          1     76.031     75.319     8.2553  33.755882     8.2550  33.754901     1.1388 6.6481e-03     2.2723     2.1538     0.0366     0.3138       6106  0.000e+00
          1          1     75.888     75.177     8.2553  33.756308     8.2551  33.755256     0.9927 6.6481e-03     2.2723     2.1538     0.0366     0.2882       6107  0.000e+00
          1          1     75.934     75.222     8.2556  33.756674     8.2552  33.755197     0.8953 6.6481e-03     2.2723     2.1538     0.0366     0.2711       6108  0.000e+00
          1          1     75.986     75.274     8.2556  33.756308     8.2549  33.755138     0.8187 6.6481e-03     2.2723     2.1538     0.0366     0.2576       6109  0.000e+00
          1          1     75.934     75.222     8.2561  33.756552     8.2547  33.754663     0.7700 6.6481e-03     2.2723     2.1538     0.0366     0.2491       6110  0.000e+00
          1          1     75.986     75.274     8.2559  33.756308     8.2547  33.754723     0.7491 6.6481e-03     2.2723     2.1550     0.0366     0.2454       6111  0.000e+00
          1          1     75.966     75.254     8.2557  33.756552     8.2549  33.754841     0.7769 6.6481e-03     2.2723     2.1563     0.0366     0.2503       6112  0.000e+00
          1          1     75.986     75.274     8.2564  33.756735     8.2546  33.754604     0.7561 6.6481e-03     2.2723     2.1563     0.0366     0.2466       6113  0.000e+00
          1          1     75.986     75.274     8.2564  33.756735     8.2547  33.754960     0.7491 6.6481e-03     2.2723     2.1563     0.0366     0.2454       6114  0.000e+00
          1          1     75.934     75.222     8.2562  33.756552     8.2550  33.755138     0.7491 6.6481e-03     2.2723     2.1550     0.0366     0.2454       6115  0.000e+00
          1          1     76.031     75.319     8.2559  33.756675     8.2549  33.755138     0.7700 6.6481e-03     2.2723     2.1550     0.0366     0.2491       6116  0.000e+00
          1          1     75.986     75.274     8.2559  33.756918     8.2551  33.755138     0.7978 6.6481e-03     2.2723     2.1538     0.0366     0.2540       6117  0.000e+00
          1          1     75.986     75.274     8.2557  33.756857     8.2549  33.754901     0.7630 6.6481e-03     2.2723     2.1550     0.0366     0.2479       6118  0.000e+00
          1          1     75.986     75.274     8.2559  33.756491     8.2552  33.755019     0.7004 6.6481e-03     2.2723     2.1550     0.0366     0.2369       6119  0.000e+00
          1          1     75.986     75.274     8.2559  33.756430     8.2552  33.754901     0.7909 6.6481e-03     2.2723     2.1563     0.0366     0.2527       6120  0.000e+00
          1          1     75.986     75.274     8.2559  33.756186     8.2549  33.755019     0.9301 6.6481e-03     2.2723     2.1563     0.0366     0.2772       6121  0.000e+00
          1          1     76.031     75.319     8.2559  33.756126     8.2551  33.755138     0.9161 6.6481e-03     2.2723     2.1563     0.0366     0.2747       6122  0.000e+00
          1          1     75.986     75.274     8.2559  33.756552     8.2551  33.755138     0.8326 6.6481e-03     2.2735     2.1550     0.0366     0.2601       6123  0.000e+00
          1          1     75.986     75.274     8.2556  33.756552     8.2552  33.755138     0.7978 6.6481e-03     2.2723     2.1550     0.0366     0.2540       6124  0.000e+00
          1          1     75.986     75.274     8.2556  33.756674     8.2550  33.755375     0.7769 6.6481e-03     2.2723     2.1550     0.0366     0.2503       6125  0.000e+00
          1          1     75.986     75.274     8.2553  33.756736     8.2552  33.755672     0.7352 6.6481e-03     2.2723     2.1550     0.0366     0.2430       6126  0.000e+00
          1          1     76.031     75.319     8.2556  33.756736     8.2551  33.755257     0.7213 6.6481e-03     2.2723     2.1550     0.0366     0.2405       6127  0.000e+00
          1          1     75.985     75.273     8.2556  33.756308     8.2552  33.755138     0.7769 6.6481e-03     2.2723     2.1538     0.0366     0.2503       6128  0.000e+00
          1          1     75.985     75.273     8.2556  33.756369     8.2552  33.755375     0.7769 6.6481e-03     2.2723     2.1538     0.0366     0.2503       6129  0.000e+00
          2          2     50.136     49.670     8.6527  34.026343     8.6392  34.014912     1.4103 6.6481e-03     2.3908     2.2589     0.0366     0.3614       7583  0.000e+00
          2          2     50.091     49.625     8.6522  34.026159     8.6395  34.015804     1.4242 6.6481e-03     2.3908     2.2589     0.0366     0.3639       7584  0.000e+00
          2          2     50.130     49.663     8.6506  34.025609     8.6399  34.016458     1.4312 6.6481e-03     2.3908     2.2589     0.0366     0.3651       7585  0.000e+00
          2          2     50.045     49.579     8.6504  34.025486     8.6400  34.017112     1.3824 6.6481e-03     2.3908     2.2589     0.0366     0.3565       7586  0.000e+00
          2          2     50.136     49.670     8.6504  34.025915     8.6399  34.016577     1.3824 6.6481e-03     2.3908     2.2601     0.0366     0.3565       7587  0.000e+00
          2          2     50.078     49.612     8.6510  34.026098     8.6399  34.016815     1.3337 6.6481e-03     2.3920     2.2613     0.0366     0.3480       7588  0.000e+00
          2          2     50.045     49.579     8.6523  34.026587     8.6405  34.017172     1.2641 6.6481e-03     2.3908     2.2613     0.0366     0.3358       7589  0.000e+00
          2          2     50.091     49.624     8.6540  34.026526     8.6418  34.017469     1.3128 6.6481e-03     2.3908     2.2613     0.0366     0.3443       7590  0.000e+00
          2          2     50.032     49.566     8.6539  34.026465     8.6422  34.017945     1.2920 6.6481e-03     2.3920     2.2613     0.0366     0.3407       7591  0.000e+00
          2          2     50.091     49.624     8.6522  34.025976     8.6429  34.018421     1.2432 6.6481e-03     2.3920     2.2613     0.0366     0.3321       7592  0.000e+00
          2          2     50.045     49.579     8.6519  34.026037     8.6438  34.018718     1.1736 6.6481e-03     2.3920     2.2613     0.0366     0.3199       7593  0.000e+00
          2          2     50.032     49.566     8.6524  34.026098     8.6448  34.018836     1.3198 6.6481e-03     2.3920     2.2613     0.0366     0.3455       7594  0.000e+00
          2          2     50.091     49.624     8.6522  34.026098     8.6446  34.018837     1.4033 6.3150e-03     2.3920     2.2613     0.0354     0.3602       7595  0.000e+00
          2          2     49.993     49.528     8.6522  34.026098     8.6441  34.018301     1.3824 6.6481e-03     2.3920     2.2613     0.0366     0.3565       7596  0.000e+00
          2          2     50.032     49.566     8.6531  34.026587     8.6440  34.018658     1.3755 6.6481e-03     2.3920     2.2613     0.0366     0.3553       7597  0.000e+00
          2          2     50.091     49.624     8.6542  34.025792     8.6436  34.018837     1.4451 6.6481e-03     2.3932     2.2626     0.0366     0.3675       7598  0.000e+00
          2          2     50.045     49.579     8.6549  34.026220     8.6438  34.018837     1.4590 6.6481e-03     2.3932     2.2626     0.0366     0.3700       7599  0.000e+00
          2          2     49.993     49.528     8.6550  34.026465     8.6441  34.019015     1.3128 6.6481e-03     2.3932     2.2626     0.0366     0.3443       7600  0.000e+00
          2          2     50.032     49.566     8.6552  34.026648     8.6451  34.019312     1.2363 6.3150e-03     2.3920     2.2638     0.0354     0.3309       7601  0.000e+00
          2          2     49.993     49.528     8.6549  34.026036     8.6456  34.019431     1.2363 6.6481e-03     2.3920     2.2638     0.0366     0.3309       7602  0.000e+00
          2          2     50.045     49.579     8.6528  34.025975     8.6458  34.019907     1.2989 6.6481e-03     2.3932     2.2638     0.0366     0.3419       7603  0.000e+00
          2          2     50.032     49.566     8.6513  34.025425     8.6460  34.020085     1.4103 6.3150e-03     2.3932     2.2638     0.0354     0.3614       7604  0.000e+00
          2          2     49.993     49.528     8.6500  34.024507     8.6460  34.020085     1.4242 6.6481e-03     2.3932     2.2638     0.0366     0.3639       7605  0.000e+00
          2          2     50.045     49.579     8.6489  34.024018     8.6460  34.020086     1.3616 6.6481e-03     2.3932     2.2638     0.0366     0.3529       7606  0.000e+00
          2          2     50.032     49.566     8.6490  34.024140     8.6464  34.020740     1.3824 6.6481e-03     2.3932     2.2650     0.0366     0.3565       7607  0.000e+00
          2          2     49.993     49.528     8.6490  34.024079     8.6470  34.020977     1.4381 6.3150e-03     2.3932     2.2638     0.0354     0.3663       7608  0.000e+00
          2          2     50.045     49.579     8.6491  34.023957     8.6474  34.020978     1.4381 6.3150e-03     2.3932     2.2650     0.0354     0.3663       7609  0.000e+00
          2          2     49.986     49.521     8.6488  34.023712     8.6478  34.021453     1.4172 6.6481e-03     2.3932     2.2650     0.0366     0.3626       7610  0.000e+00
          2          2     50.045     49.579     8.6485  34.022917     8.6474  34.021097     1.4451 6.3150e-03     2.3932     2.2650     0.0354     0.3675       7611  0.000e+00
          2          2     49.993     49.528     8.6478  34.022978     8.6474  34.021453     1.5703 6.3150e-03     2.3944     2.2662     0.0354     0.3895       7612  0.000e+00
          2          2     50.032     49.566     8.6473  34.022366     8.6474  34.021632     1.5843 6.6481e-03     2.3957     2.2662     0.0366     0.3919       7613  0.000e+00
          2          2     50.045     49.579     8.6464  34.022121     8.6476  34.021632     1.5703 6.6481e-03     2.3932     2.2650     0.0366     0.3895       7614  0.000e+00
          2          2     49.993     49.528     8.6457  34.022121     8.6478  34.021810     1.5982 6.6481e-03     2.3944     2.2662     0.0366     0.3944       7615  0.000e+00
          2          2     49.993     49.528     8.6452  34.021387     8.6479  34.021929     1.6121 6.6481e-03     2.3944     2.2650     0.0366     0.3968       7616  0.000e+00
          2          2     50.077     49.611     8.6451  34.020959     8.6483  34.022108     1.6051 6.6481e-03     2.3944     2.2662     0.0366     0.3956       7617  0.000e+00
