data/sbe_files/ctd001.cnv
* Sea-Bird SBE 9 Data File:
* FileName = C:\Sea-Bird Data\2013\DY1309\CTD\CTD001.hex
* Software Version Seasave V 7.22.3
* Temperature SN = 2376
* Conductivity SN = 2985
* Number of Bytes Per Scan = 37
* Number of Voltage Words = 4
* Number of Scans Averaged by the Deck Unit = 1
* NMEA Latitude = 57 02.66 N
* NMEA Longitude = 152 53.41 W
* NMEA UTC (Time) = Sep 24 2013 23:13:46
* NMEA baud rate = 4800
** STATION 401
# nquan = 19
# nvalues = 86                          
# units = specified
# name 0 = prDM: Pressure, Digiquartz [db]
# name 1 = depSM: Depth [salt water, m]
# name 2 = t090C: Temperature [ITS-90, deg C]
# name 3 = c0mS/cm: Conductivity [mS/cm]
# name 4 = t190C: Temperature, 2 [ITS-90, deg C]
# name 5 = c1mS/cm: Conductivity, 2 [mS/cm]
# name 6 = wetStar: Fluorescence, WET Labs WETstar [mg/m^3]
# name 7 = par: PAR/Irradiance, Biospherical/Licor
# name 8 = sbeox0V: Oxygen raw, SBE 43 [V]
# name 9 = sbeox1V: Oxygen raw, SBE 43, 2 [V]
# name 10 = v0: Voltage 0
# name 11 = v6: Voltage 6
# name 12 = sal00: Salinity, Practical [PSU]
# name 13 = sal11: Salinity, Practical, 2 [PSU]
# name 14 = sigma-t00: Density [sigma-t, Kg/m^3 ]
# name 15 = sbeox0Mm/Kg: Oxygen, SBE 43 [umol/Kg], WS = 2
# name 16 = sbeox1Mm/Kg: Oxygen, SBE 43, 2 [umol/Kg], WS = 2
# name 17 = sbeox0PS: Oxygen, SBE 43 [% saturation], WS = 2
# name 18 = flag: flag
# span 0 =      1.000,     86.000       
# span 1 =      0.991,     85.192       
# span 2 =     8.2478,     9.2405       
# span 3 =  33.747655,  34.310962       
# span 4 =     8.2480,     9.2564       
# span 5 =  33.746734,  34.308948       
# span 6 =     0.6347,     8.6612       
# span 7 = 5.6803e-03, 1.2009e+03       
# span 8 =     2.2698,     2.8380       
# span 9 =     2.1521,     2.6898       
# span 10 =     0.0331,     4.1224      
# span 11 =     0.2253,     1.6335      
# span 12 =    31.5618,    32.1042      
# span 13 =    31.5460,    32.1031      
# span 14 =    24.3899,    24.9640      
# span 15 =    229.488,    291.711      
# span 16 =    217.931,    278.843      
# span 17 =   78.70364,  101.82799      
# span 18 = 0.0000e+00, 0.0000e+00      
# interval = decibars: 1                
# start_time = Sep 24 2013 23:13:46 [NMEA time, header]
# bad_flag = -9.990e-29
*END*
      1.000      0.991     9.1688  34.060577     9.1626  34.060272     8.3975 1.2009e+03     2.7945     2.6471     4.1224     1.5872    31.6321    31.6373    24.4559    290.943    276.470  101.49625 0.0000e+00
      2.000      1.982     9.2087  34.059364     9.2068  34.057251     7.9964 3.7837e+02     2.8105     2.6598     3.4531     1.5169    31.5951    31.5946    24.4208    291.711    278.194  101.82799 0.0000e+00
      3.000      2.972     9.2405  34.054752     9.2564  34.053051     7.1531 3.1455e+02     2.8380     2.6898     3.4638     1.3689    31.5618    31.5460    24.3899    291.195    278.843  101.69534 0.0000e+00
      4.000      3.963     9.1760  34.057243     9.1900  34.055492     7.9650 2.1648e+02     2.7956     2.6528     3.2959     1.5114    31.6212    31.6069    24.4463    279.709    267.452   97.58607 0.0000e+00
      5.000      4.954     8.9986  34.055420     9.0004  34.061829     8.3524 1.5933e+02     2.7536     2.6094     3.1638     1.5793    31.7766    31.7816    24.5952    275.169    261.426   95.72797 0.0000e+00
      6.000      5.945     8.9926  34.070488     8.9934  34.068550     8.6612 1.1532e+02     2.7245     2.5784     3.0229     1.6335    31.7972    31.7944    24.6122    273.859    260.039   95.27347 0.0000e+00
      7.000      6.936     9.0003  34.082985     9.0016  34.082405     7.6755 8.9440e+01     2.7036     2.5563     2.9134     1.4606    31.8027    31.8010    24.6154    273.430    259.354   95.14440 0.0000e+00
      8.000      7.926     9.0048  34.090752     9.0042  34.088978     6.1511 7.2289e+01     2.6870     2.5374     2.8211     1.1931    31.8063    31.8050    24.6175    273.314    259.306   95.11603 0.0000e+00
      9.000      8.917     9.0049  34.092487     9.0041  34.090858     5.4451 5.7806e+01     2.6734     2.5253     2.7232     1.0693    31.8076    31.8066    24.6185    272.883    259.573   94.96720 0.0000e+00
     10.000      9.908     9.0016  34.090046     9.0014  34.088943     5.4005 4.4064e+01     2.6636     2.5174     2.6079     1.0615    31.8076    31.8066    24.6190    272.846    259.562   94.94720 0.0000e+00
     11.000     10.899     8.9785  34.070381     8.9763  34.067436     5.4646 3.5963e+01     2.6615     2.5161     2.5192     1.0727    31.8074    31.8063    24.6224    273.014    259.977   94.95657 0.0000e+00
     12.000     11.889     8.9751  34.067764     8.9758  34.067459     5.4819 2.9377e+01     2.6600     2.5154     2.4313     1.0757    31.8073    31.8063    24.6229    273.058    260.029   94.96449 0.0000e+00
     13.000     12.880     8.9670  34.060989     8.9668  34.059677     5.4326 2.3657e+01     2.6595     2.5147     2.3374     1.0671    31.8071    31.8060    24.6239    273.374    260.016   95.05703 0.0000e+00
     14.000     13.871     8.9644  34.058300     8.9634  34.056316     5.0098 1.9008e+01     2.6593     2.5144     2.2426     0.9929    31.8062    31.8051    24.6236    273.366    259.989   95.04810 0.0000e+00
     15.000     14.862     8.9644  34.058563     8.9646  34.057423     4.7508 1.6172e+01     2.6584     2.5133     2.1738     0.9475    31.8060    31.8046    24.6235    273.175    260.039   94.98161 0.0000e+00
     16.000     15.852     8.9636  34.058918     8.9635  34.057491     4.6244 1.2845e+01     2.6565     2.5131     2.0737     0.9253    31.8067    31.8053    24.6241    272.880    259.908   94.87769 0.0000e+00
     17.000     16.843     8.9639  34.059998     8.9637  34.058468     5.0314 1.0077e+01     2.6551     2.5115     1.9701     0.9967    31.8071    31.8057    24.6244    272.636    259.666   94.79399 0.0000e+00
     18.000     17.834     8.9643  34.062084     8.9638  34.059402     4.8733 8.3516e+00     2.6529     2.5107     1.8893     0.9690    31.8084    31.8061    24.6254    272.249    259.622   94.66087 0.0000e+00
     19.000     18.825     8.9663  34.069370     8.9644  34.061630     5.0855 6.8604e+00     2.6513     2.5101     1.8048     1.0062    31.8137    31.8075    24.6292    272.241    259.491   94.66600 0.0000e+00
     20.000     19.815     8.9673  34.070145     8.9669  34.067963     4.7418 5.6247e+00     2.6506     2.5082     1.7198     0.9459    31.8132    31.8113    24.6287    272.477    259.263   94.75005 0.0000e+00
     21.000     20.806     8.9672  34.071335     8.9674  34.069782     4.5879 4.4739e+00     2.6487     2.5038     1.6243     0.9189    31.8141    31.8124    24.6294    272.328    258.899   94.69837 0.0000e+00
     22.000     21.797     8.9670  34.070549     8.9668  34.069447     4.7017 3.8343e+00     2.6484     2.5025     1.5580     0.9389    31.8131    31.8121    24.6286    272.149    258.569   94.63494 0.0000e+00
     23.000     22.787     8.9670  34.071571     8.9668  34.070415     4.8797 3.1487e+00     2.6471     2.5020     1.4750     0.9701    31.8137    31.8127    24.6291    271.746    258.792   94.49531 0.0000e+00
     24.000     23.778     8.9669  34.073376     8.9667  34.072136     4.6912 2.5977e+00     2.6445     2.5010     1.3949     0.9370    31.8152    31.8141    24.6303    271.157    258.378   94.29117 0.0000e+00
     25.000     24.769     8.9661  34.077618     8.9667  34.072838     4.4665 2.1615e+00     2.6418     2.5002     1.3184     0.8976    31.8198    31.8143    24.6340    270.868    258.339   94.19238 0.0000e+00
     26.000     25.759     8.9658  34.080956     8.9658  34.078041     4.5447 1.7904e+00     2.6399     2.4985     1.2410     0.9113    31.8232    31.8201    24.6367    271.020    257.944   94.24678 0.0000e+00
     27.000     26.750     8.9659  34.082142     8.9657  34.080868     4.4882 1.4719e+00     2.6389     2.4961     1.1613     0.9014    31.8238    31.8227    24.6372    270.959    257.297   94.22618 0.0000e+00
     28.000     27.741     8.9653  34.083160     8.9650  34.081696     4.4705 1.1924e+00     2.6367     2.4924     1.0772     0.8983    31.8250    31.8237    24.6382    270.255    256.860   93.98083 0.0000e+00
     29.000     28.732     8.9584  34.087578     8.9592  34.085880     4.3020 9.7986e-01     2.6331     2.4890     1.0000     0.8687    31.8353    31.8328    24.6473    269.694    256.554   93.77840 0.0000e+00
     30.000     29.722     8.9523  34.093132     8.9538  34.092861     4.1580 8.1255e-01     2.6303     2.4863     0.9278     0.8435    31.8461    31.8444    24.6567    269.955    256.303   93.86339 0.0000e+00
     31.000     30.713     8.9582  34.101635     8.9586  34.101082     4.6297 6.7510e-01     2.6300     2.4850     0.8579     0.9262    31.8492    31.8482    24.6582    270.567    257.042   94.09096 0.0000e+00
     32.000     31.704     8.9759  34.129089     8.9729  34.123096     4.3466 5.6031e-01     2.6318     2.4865     0.7895     0.8766    31.8613    31.8578    24.6650    270.868    257.467   94.24107 0.0000e+00
     33.000     32.694     8.9908  34.149513     8.9905  34.147625     4.2367 4.3538e-01     2.6334     2.4890     0.6996     0.8573    31.8687    31.8670    24.6685    271.004    257.767   94.32463 0.0000e+00
     34.000     33.685     8.9930  34.152245     8.9937  34.152210     4.3726 3.3836e-01     2.6350     2.4902     0.6156     0.8811    31.8691    31.8684    24.6685    271.022    257.544   94.33600 0.0000e+00
     35.000     34.675     8.9949  34.155739     8.9935  34.152447     4.2150 2.6731e-01     2.6358     2.4907     0.5410     0.8535    31.8706    31.8685    24.6693    271.204    257.809   94.40440 0.0000e+00
     36.000     35.666     8.9967  34.158821     8.9953  34.155479     4.0205 2.2364e-01     2.6368     2.4916     0.4878     0.8193    31.8717    31.8695    24.6699    271.079    257.786   94.36518 0.0000e+00
     37.000     36.657     9.0089  34.180267     9.0038  34.170429     4.0293 1.8491e-01     2.6353     2.4913     0.4347     0.8209    31.8826    31.8769    24.6766    270.001    256.758   94.02293 0.0000e+00
     38.000     37.647     9.0342  34.220722     9.0342  34.219002     4.4613 1.4657e-01     2.6322     2.4870     0.3747     0.8967    31.9013    31.8995    24.6873    269.506    255.827   93.91654 0.0000e+00
     39.000     38.638     9.0366  34.223770     9.0387  34.226006     4.1157 1.0784e-01     2.6288     2.4832     0.3039     0.8361    31.9019    31.9023    24.6874    269.083    255.480   93.77429 0.0000e+00
     40.000     39.629     9.0414  34.232422     9.0424  34.232967     3.6457 7.8123e-02     2.6252     2.4803     0.2414     0.7536    31.9061    31.9057    24.6899    268.590    255.510   93.61559 0.0000e+00
     41.000     40.619     9.0521  34.251518     9.0509  34.248062     3.4719 5.4037e-02     2.6220     2.4779     0.1821     0.7231    31.9158    31.9132    24.6959    267.884    254.809   93.39813 0.0000e+00
     42.000     41.610     9.0634  34.271637     9.0632  34.270100     3.6965 3.9381e-02     2.6179     2.4746     0.1421     0.7625    31.9260    31.9246    24.7021    267.568    254.174   93.31861 0.0000e+00
     43.000     42.600     9.0685  34.282509     9.0676  34.279396     3.3708 1.6374e-02     2.6140     2.4706     0.0707     0.7054    31.9322    31.9298    24.7062    266.796    253.876   93.06408 0.0000e+00
     44.000     43.591     9.0764  34.297714     9.0767  34.295986     3.4538 9.8943e-03     2.6092     2.4679     0.0483     0.7199    31.9404    31.9384    24.7114    265.916    253.234   92.77892 0.0000e+00
     45.000     44.582     9.0716  34.298561     9.0716  34.297024     3.7301 7.3454e-03     2.6024     2.4621     0.0392     0.7684    31.9452    31.9435    24.7159    263.839    251.261   92.04752 0.0000e+00
     46.000     45.572     9.0600  34.310963     9.0595  34.308949     3.2054 7.2807e-03     2.5895     2.4511     0.0389     0.6764    31.9679    31.9663    24.7354    260.111    247.746   90.73799 0.0000e+00
     47.000     46.563     9.0281  34.306282     9.0286  34.306290     2.9303 7.2041e-03     2.5673     2.4306     0.0387     0.6281    31.9913    31.9909    24.7586    255.762    243.544   89.17259 0.0000e+00
     48.000     47.553     8.9306  34.241360     8.9336  34.243660     2.7374 7.2078e-03     2.5321     2.3994     0.0387     0.5942    32.0113    32.0110    24.7893    251.334    239.712   87.45051 0.0000e+00
     49.000     48.544     8.8091  34.145615     8.8123  34.148716     2.4855 7.0371e-03     2.4968     2.3665     0.0381     0.5501    32.0210    32.0213    24.8154    248.472    235.937   86.22475 0.0000e+00
     50.000     49.535     8.7473  34.098652     8.7275  34.082680     1.9055 6.7165e-03     2.4748     2.3434     0.0369     0.4483    32.0274    32.0287    24.8299    246.944    234.202   85.57973 0.0000e+00
     51.000     50.525     8.7014  34.061550     8.6989  34.059647     1.9302 6.4413e-03     2.4593     2.3270     0.0359     0.4526    32.0299    32.0301    24.8387    246.221    233.516   85.24252 0.0000e+00
     52.000     51.516     8.6782  34.044807     8.6776  34.043491     1.7064 6.3673e-03     2.4451     2.3135     0.0356     0.4134    32.0329    32.0321    24.8446    245.380    232.965   84.90907 0.0000e+00
     53.000     52.506     8.6554  34.028351     8.6562  34.028118     1.6213 6.3139e-03     2.4297     2.2985     0.0354     0.3984    32.0359    32.0350    24.8504    244.621    231.803   84.60469 0.0000e+00
     54.000     53.497     8.6325  34.012012     8.6289  34.008640     1.5757 6.3274e-03     2.4184     2.2860     0.0355     0.3904    32.0392    32.0388    24.8564    243.166    230.465   84.05982 0.0000e+00
     55.000     54.487     8.6076  33.994286     8.6040  33.991394     1.5507 6.3149e-03     2.4094     2.2787     0.0354     0.3861    32.0427    32.0430    24.8629    241.808    229.831   83.54577 0.0000e+00
     56.000     55.478     8.5707  33.968258     8.5694  33.967312     1.4498 6.1878e-03     2.3982     2.2698     0.0349     0.3684    32.0485    32.0487    24.8730    240.442    228.590   83.00829 0.0000e+00
     57.000     56.469     8.5201  33.931343     8.5242  33.933815     1.4156 6.1102e-03     2.3815     2.2557     0.0347     0.3624    32.0553    32.0541    24.8859    238.548    226.837   82.26453 0.0000e+00
     58.000     57.459     8.4801  33.901474     8.4810  33.901627     1.3478 5.9995e-03     2.3650     2.2416     0.0342     0.3505    32.0599    32.0592    24.8954    236.937    225.485   81.63770 0.0000e+00
     59.000     58.450     8.4450  33.875057     8.4454  33.875061     1.4312 6.0319e-03     2.3546     2.2319     0.0344     0.3651    32.0636    32.0632    24.9035    236.185    224.284   81.31647 0.0000e+00
     60.000     59.440     8.4276  33.865650     8.4279  33.864872     1.3189 6.1228e-03     2.3466     2.2239     0.0347     0.3454    32.0690    32.0680    24.9104    235.335    223.636   80.99503 0.0000e+00
     61.000     60.431     8.4079  33.851471     8.4138  33.855759     1.0904 6.1178e-03     2.3368     2.2156     0.0347     0.3053    32.0716    32.0708    24.9153    233.915    222.443   80.47199 0.0000e+00
     62.000     61.421     8.3460  33.808308     8.3464  33.808197     1.1264 6.0209e-03     2.3247     2.2039     0.0343     0.3116    32.0821    32.0817    24.9327    232.670    220.976   79.93771 0.0000e+00
     63.000     62.412     8.3002  33.777821     8.3052  33.780407     1.1213 6.0131e-03     2.3140     2.1934     0.0343     0.3107    32.0914    32.0896    24.9467    231.954    220.263   79.61423 0.0000e+00
     64.000     63.402     8.2850  33.767258     8.2900  33.769859     0.9425 5.9626e-03     2.3040     2.1839     0.0341     0.2793    32.0936    32.0918    24.9506    231.434    219.594   79.40976 0.0000e+00
     65.000     64.393     8.2649  33.754787     8.2640  33.753059     0.8964 5.7984e-03     2.2955     2.1743     0.0335     0.2713    32.0984    32.0974    24.9573    231.302    219.351   79.33108 0.0000e+00
     66.000     65.383     8.2673  33.757011     8.2677  33.756054     1.0385 5.7653e-03     2.2920     2.1713     0.0334     0.2962    32.0981    32.0968    24.9568    231.049    219.320   79.24828 0.0000e+00
     67.000     66.374     8.2670  33.756660     8.2644  33.754230     0.9127 5.7480e-03     2.2894     2.1688     0.0333     0.2741    32.0975    32.0973    24.9563    230.868    218.941   79.18555 0.0000e+00
     68.000     67.364     8.2584  33.752060     8.2560  33.749401     0.8980 5.7497e-03     2.2876     2.1667     0.0333     0.2715    32.1001    32.0995    24.9596    230.882    218.902   79.17640 0.0000e+00
     69.000     68.355     8.2523  33.748875     8.2508  33.746735     0.8888 5.7291e-03     2.2858     2.1651     0.0333     0.2699    32.1018    32.1010    24.9619    230.758    218.961   79.12373 0.0000e+00
     70.000     69.345     8.2504  33.747654     8.2509  33.747093     0.8830 5.7224e-03     2.2837     2.1635     0.0332     0.2689    32.1019    32.1008    24.9622    230.668    218.893   79.08939 0.0000e+00
     71.000     70.336     8.2590  33.753628     8.2566  33.751343     0.8175 5.6803e-03     2.2825     2.1612     0.0331     0.2574    32.0999    32.0996    24.9594    230.757    218.653   79.13428 0.0000e+00
     72.000     71.326     8.2614  33.756153     8.2648  33.757175     0.9079 5.8078e-03     2.2817     2.1609     0.0335     0.2733    32.0999    32.0979    24.9590    230.575    218.804   79.07610 0.0000e+00
     73.000     72.317     8.2657  33.759163     8.2655  33.758129     0.9155 5.7673e-03     2.2809     2.1604     0.0334     0.2746    32.0987    32.0977    24.9574    230.279    218.814   78.98154 0.0000e+00
     74.000     73.307     8.2548  33.752308     8.2586  33.753864     0.9289 6.7881e-03     2.2799     2.1611     0.0371     0.2770    32.1009    32.0991    24.9608    230.158    218.802   78.92202 0.0000e+00
     75.000     74.297     8.2491  33.749363     8.2528  33.750595     0.9212 7.5006e-03     2.2784     2.1596     0.0397     0.2756    32.1026    32.1005    24.9629    230.063    218.516   78.88022 0.0000e+00
     76.000     75.288     8.2478  33.748875     8.2486  33.748455     0.8930 7.5084e-03     2.2764     2.1574     0.0398     0.2707    32.1028    32.1016    24.9633    230.152    218.263   78.90839 0.0000e+00
